-38987.3
-231744.5
 44
 44
 96.8
-45
-39595.17
-232159.5
 44
 44
 96.8
 0
-36269.63
-233031.5
 44
 44
 62.92
 45
-37246.69
-233505.5
 44
 44
 62.92
 0
-39701.8
-233599.5
 44
 44
 96.8
 0
-37471.88
-233510.9
 44
 44
 62.92
 0
-37316.87
-233570
 44
 44
 96.8
 0
-38639.04
-231743.8
 44
 44
 62.92
-45
-36608.13
-233589.9
 44
 44
 96.8
 45
-39467.62
-231850.2
 44
 44
 96.8
 0
-36610.59
-232913.4
 44
 44
 96.8
 0
-36086.44
-233042.9
 44
 40.53333
 57.96267
 45
-36877.7
-231875.5
 44
 40.53333
 89.17333
 45
-37382.97
-233287.6
 44
 44
 96.8
-45
-37435.85
-233024
 44
 44
 62.92
 0
-36986.17
-231682
 44
 44
 96.8
 0
-38854.75
-231830.5
 44
 43.42857
 62.10286
 0
-37044.09
-233688.1
 44
 44
 96.8
 0
-39303.12
-232428.5
 44
 43.42857
 95.54286
 0
-37599.65
-232885
 44
 44
 96.8
 45
-38739.38
-232864.2
 44
 44
 96.8
 45
-37566.41
-232724.6
 44
 44
 96.8
 0
-39136.65
-231705.5
 44
 44
 96.8
 0
-37187.93
-232839.2
 44
 44
 62.92
 0
-37604.02
-233169.6
 44
 44
 96.8
 0
-36993.86
-231371.3
 44
 44
 96.8
-45
-35176.82
-228731.5
 44
 44
 62.92
-45
-36485.09
-229112
 44
 43.42857
 62.10286
 0
-35237.13
-231545.6
 44
 40.53333
 57.96267
 45
-35544.48
-231261.7
 44
 44
 96.8
 0
-35068.67
-229857.9
 44
 44
 62.92
 45
-35835.43
-232068.3
 44
 44
 96.8
 45
-33325.86
-228659.8
 44
 44
 62.92
 0
-34964.86
-230991.6
 44
 44
 62.92
 45
-33333.98
-228650.2
 44
 44
 62.92
 0
-34155.04
-231025.2
 44
 44
 96.8
 45
-34502.24
-231787.2
 44
 43.42857
 95.54286
 0
-35060.86
-231387
 44
 44
 96.8
 0
-34187.59
-231941.3
 44
 40.53333
 57.96267
-45
-35617.37
-232366.9
 44
 44
 62.92
 0
-35488.56
-232417.2
 44
 40.53333
 89.17333
 45
-35225.65
-232386.1
 44
 44
 96.8
 0
-35397.32
-232704.3
 44
 44
 62.92
 45
-34306.24
-232764.7
 44
 44
 96.8
-45
-34563.7
-233019.3
 43.96136
 40.53333
 89.17333
-45
-37586.6
-231511
 44
 44
 96.8
 45
-37764.59
-230815.8
 44
 44
 62.92
-45
-35213.74
-233426.4
 44
 44
 62.92
 45
-34427.57
-233324.6
 44
 44
 62.92
 0
-35280.66
-233528.5
 44
 44
 96.8
 0
-37939.92
-231193.2
 44
 44
 62.92
 45
-38097.88
-229941.7
 44
 43.42857
 95.54286
 0
-38105.65
-231298.6
 44
 40.53333
 89.17333
 45
-38248.63
-231023.1
 44
 40.53333
 89.17333
 45
-38788.54
-231321.3
 44
 44
 96.8
 45
-39182.72
-230926.3
 44
 40.53333
 89.17333
 45
-39237.58
-231263.6
 44
 44
 62.92
 0
-39430.21
-230885.6
 44
 44
 96.8
-45
-39527.61
-231231.1
 44
 44
 62.92
-45
-39854.8
-232574
 44
 44
 62.92
 45
-39920.33
-232563.8
 44
 44
 62.92
 45
-39961.44
-231920.7
 44
 44
 62.92
 0
-40048.58
-231896.8
 44
 44
 62.92
 0
-40035.05
-233480.4
 44
 44
 62.92
 0
-40224.57
-231966.3
 44
 44
 62.92
 0
-40319.36
-233619.5
 44
 44
 62.92
-45
-40340.63
-232541.9
 44
 44
 96.8
-45
-40521.36
-232013.1
 44
 44
 96.8
 0
-40514.24
-233081
 44
 43.42857
 95.54286
 0
-40602.23
-231417.1
 44
 44
 62.92
 0
-40693.54
-232099.4
 44
 40.53333
 57.96267
 45
-40754.83
-231777.5
 44
 44
 96.8
-45
-40860.05
-232987.3
 44
 44
 96.8
-45
-40861.12
-232858.2
 44
 44
 96.8
 0
-41013.39
-232328.9
 44
 44
 96.8
-45
-41054.86
-233339.5
 44
 44
 96.8
 0
-41002.09
-233704.6
 44
 44
 62.92
 45
-41110.12
-232536.1
 44
 44
 96.8
-45
-41136.88
-232310.8
 44
 44
 62.92
-45
-41249.99
-233734.4
 44
 40.53333
 89.17333
 45
-41396.04
-231951.3
 44
 40.53333
 89.17333
-45
-40003.05
-230851.3
 44
 44
 96.8
 0
-39668.75
-230503.5
 44
 44
 96.8
 0
-39539.56
-230504.5
 44
 44
 96.8
 45
-39532.68
-230214.5
 44
 44
 96.8
 45
-39339.11
-230225
 44
 40.53333
 89.17333
-45
-39693.55
-230264
 44
 44
 96.8
 0
-39787.55
-230131.5
 44
 44
 62.92
 0
-41052.05
-229980.9
 44
 44
 96.8
-45
-39581.13
-230025.6
 44
 44
 62.92
-45
-39599.08
-230033.4
 44
 44
 96.8
 45
-40240.43
-230016.7
 44
 43.42857
 95.54286
 0
-41179.34
-229889.6
 44
 44
 96.8
 45
-41234.4
-229831.6
 44
 44
 96.8
 45
-41242.88
-229831.9
 44
 44
 96.8
 45
-41513.55
-229674.8
 44
 44
 96.8
 45
-40996.29
-229569.2
 44
 44
 62.92
-45
-40359.75
-229353.2
 44
 44
 96.8
 45
-40041.38
-229353.2
 44
 44
 96.8
 0
-40351.13
-229167.4
 44
 44
 96.8
-45
-40716.23
-229156
 44
 44
 96.8
-45
-39749.26
-228940.5
 44
 44
 96.8
 45
-39705.88
-228951.4
 44
 44
 62.92
 0
-39169.07
-228917.4
 44
 44
 96.8
-45
-40379.88
-228834.7
 44
 44
 96.8
 0
-39595.81
-228745.2
 44
 44
 62.92
-45
-39596.5
-228720.5
 44
 44
 96.8
-45
-40249.71
-228463.9
 44
 43.42857
 62.10286
 0
-39322.39
-228326
 44
 40.53333
 89.17333
-45
-40962.46
-228091.2
 44
 40.53333
 89.17333
 45
-40733.33
-228057.8
 44
 44
 96.8
 0
-39081.7
-227911.4
 44
 44
 96.8
 45
-40539.08
-227912.1
 44
 44
 96.8
 0
-39060.97
-227731.9
 44
 44
 62.92
-45
-39018.53
-227875.7
 44
 44
 96.8
 0
-40243.44
-227681.5
 44
 44
 62.92
 0
-41141.02
-227573.9
 44
 44
 62.92
 0
-40806.41
-227281.8
 44
 44
 96.8
-45
-40240.38
-227215.1
 44
 44
 62.92
 0
-41198.13
-227166.1
 44
 44
 96.8
 45
-39990.24
-227004.3
 44
 44
 96.8
 0
-38989.35
-228003.3
 44
 44
 96.8
-45
-39914.93
-226664.2
 44
 44
 96.8
 0
-40045.65
-226771.3
 44
 44
 96.8
-45
-39142.54
-226634.1
 44
 44
 62.92
 0
-40083.77
-226543
 44
 44
 96.8
 0
-39163.02
-226342
 44
 44
 96.8
 0
-39232.94
-226293.5
 44
 44
 62.92
 45
-38400.87
-228222.2
 44
 44
 96.8
 0
-38257.29
-227418.7
 44
 44
 96.8
 0
-38086.89
-227915.3
 44
 44
 62.92
 0
-38122.9
-226603.8
 44
 44
 96.8
-45
-38107.15
-226587.1
 44
 44
 62.92
 0
-37919.21
-226688.1
 44
 44
 96.8
 0
-37793.34
-227187.7
 44
 44
 62.92
 0
-37912.92
-227224
 44
 44
 96.8
 0
-37762.09
-227194.6
 44
 44
 96.8
 45
-37601.23
-228173.7
 44
 44
 62.92
 0
-37312.01
-228154.8
 44
 44
 62.92
-45
-36344.14
-227581.7
 44
 44
 96.8
 0
-36394.93
-227104.2
 44
 44
 62.92
 45
-36160.99
-227640.5
 44
 43.42857
 95.54286
 0
-34614.21
-227629.7
 44
 40.53333
 89.17333
 45
-34624.49
-227630.8
 44
 44
 96.8
 0
-33811.43
-227266.3
 44
 44
 96.8
 0
-33758.18
-226989.2
 44
 44
 96.8
 45
-33649.82
-227155
 44
 44
 96.8
 0
-33490.04
-228303.2
 44
 40.53333
 89.17333
-45
-33542.41
-227602
 44
 44
 62.92
 0
-33262.18
-227320.9
 44
 44
 96.8
 0
-33317
-228686.8
 44
 44
 96.8
 45
-33218.07
-227418.5
 44
 43.42857
 95.54286
 0
-32778.18
-226402.8
 44
 44
 96.8
-45
-32737.2
-227880.2
 44
 44
 62.92
-45
-31185.26
-227212
 44
 44
 62.92
-45
-30199.96
-226448.7
 44
 44
 62.92
 0
-29767.12
-228809.1
 44
 44
 62.92
 0
-29509.12
-227425.7
 44
 44
 96.8
-45
-29426.73
-226478
 44
 44
 96.8
 0
-29413.98
-228866.8
 44
 40.53333
 89.17333
-45
-29299.38
-227892.7
 44
 44
 62.92
 0
-28857.62
-230336.7
 44
 44
 96.8
-45
-30118.48
-230332.2
 44
 44
 96.8
 45
-29869.22
-230619.3
 44
 40.53333
 57.96267
 45
-29441.47
-230681
 44
 40.53333
 57.96267
 45
-30283.07
-230902.3
 44
 44
 96.8
-45
-30839.12
-231061.8
 44
 44
 96.8
 0
-29891.81
-231106.3
 44
 44
 96.8
 0
-29509.12
-231205.3
 44
 44
 96.8
 45
-29475.52
-231232.4
 44
 44
 96.8
 0
-30525.8
-231188.7
 44
 44
 96.8
-45
-30799.15
-231194.9
 44
 44
 62.92
 0
-30745.19
-231256.2
 44
 44
 96.8
 45
-30817.24
-231249.2
 44
 44
 96.8
 0
-29964.59
-231453.1
 44
 44
 96.8
 45
-30378.26
-231518.8
 44
 44
 96.8
 45
-30304.17
-231446.5
 44
 44
 62.92
 0
-30028.94
-231674.6
 44
 44
 96.8
 45
-30698.65
-231685.5
 44
 44
 96.8
 45
-30629.78
-231717.8
 44
 44
 62.92
 0
-30639.71
-231728.8
 44
 44
 96.8
 0
-30415.84
-231868.9
 44
 44
 62.92
 0
-28729.97
-232199.2
 44
 44
 96.8
-45
-30587.36
-232333
 44
 44
 96.8
 0
-29546.26
-232468.3
 43.96136
 40.53333
 89.17333
-45
-29104.57
-232449.6
 44
 44
 96.8
 0
-30960.94
-232558.7
 44
 44
 96.8
 45
-30532.18
-232781.6
 44
 44
 62.92
 0
-30989.26
-232705
 44
 44
 96.8
 0
-29608.07
-232790.4
 44
 44
 96.8
 0
-30556.85
-232918.9
 44
 44
 96.8
 0
-31064.36
-232847.7
 44
 44
 62.92
 0
-29200.59
-232949.9
 44
 40.53333
 89.17333
-45
-31097.58
-233013.5
 44
 44
 96.8
-45
-31202.14
-233119.7
 44
 40.53333
 57.96267
 45
-29021.58
-233349
 44
 43.42857
 95.54286
 0
-31126.29
-233359.8
 44
 40.53333
 89.17333
 45
-29291.88
-233528.8
 44
 44
 62.92
-45
-31141.23
-233629.3
 44
 44
 96.8
 45
-31186.79
-231558.5
 44
 44
 96.8
 45
-31343.99
-232393.3
 43.96136
 40.53333
 57.96267
-45
-31460.81
-233767.7
 44
 44
 62.92
-45
-31485.32
-231937.8
 44
 44
 62.92
-45
-31484.81
-233128.2
 44
 44
 96.8
 45
-31522.5
-231727.2
 44
 44
 62.92
 0
-31571.28
-232534.2
 44
 40.53333
 89.17333
-45
-31589.81
-233079.5
 44
 44
 96.8
 45
-31786.43
-233317.3
 44
 44
 62.92
 0
-31968.25
-233276.4
 44
 43.42857
 95.54286
 0
-32054.07
-232798
 44
 44
 96.8
 45
-32126.96
-231206.3
 43.96136
 40.53333
 89.17333
-45
-32456.23
-233386.1
 44
 44
 96.8
 0
-32703.67
-233103.9
 44
 44
 96.8
 0
-32927.02
-233714.9
 44
 44
 96.8
 0
-33224.99
-232530.6
 44
 44
 96.8
 0
-33261.6
-232951.1
 44
 40.53333
 89.17333
-45
-33217.39
-233673.7
 44
 43.42857
 95.54286
 0
-33417.22
-233137.5
 44
 40.53333
 57.96267
 45
-33552.79
-233806
 44
 44
 96.8
-45
-33660.13
-233582.6
 44
 44
 96.8
 0
-32557.43
-231140.1
 44
 43.42857
 95.54286
 0
-38420.71
-229415.4
 44
 40.53333
 89.17333
-45
-38100.34
-229088.6
 44
 43.42857
 95.54286
 0
-38535.71
-229040
 44
 44
 62.92
 0
-33052.7
-228993.7
 44
 44
 62.92
 0
-32321.59
-230398.8
 44
 44
 96.8
-45
-32076.03
-228929.7
 44
 40.53333
 89.17333
-45
-31977.24
-228965.8
 44
 44
 96.8
 0
