 27319.83
 27336.31
 44
 44
 44
 45
 25795.87
 28646.06
 44
 44
 44
 0
 27289.09
 27440.74
 44
 44
 28.6
 0
 25621.46
 28870.4
 44
 44
 28.6
 0
 26968.21
 28939.43
 44
 44
 44
 0
 26160.45
 28943.31
 44
 44
 44
-45
 26973.13
 28983.04
 44
 44
 44
 45
 25767.77
 29169.09
 39.66667
 44
 39.66667
-45
 25296.65
 29293.27
 44
 44
 44
 0
 25561.88
 29644.23
 44
 44
 28.6
-45
 26930.94
 29639.56
 44
 44
 44
-45
 25570.02
 30097.36
 39.66667
 44
 39.66667
-45
 25310.58
 30107.78
 44
 44
 44
 45
 25253.28
 30118.9
 44
 44
 44
-45
 25215.26
 30256.92
 44
 44
 44
 45
 25275.59
 30167.72
 44
 44
 28.6
 0
 25236.99
 30354.02
 44
 44
 44
-45
 25406.23
 30738.67
 44
 44
 44
 0
 25410.25
 30771.34
 44
 44
 44
 0
 26678.14
 31015.39
 42.5
 44
 42.5
 0
 26684.71
 31384.29
 44
 44
 44
 45
 25233.31
 31495.25
 44
 44
 44
-45
 26409.03
 31525.88
 44
 44
 44
-45
 26403.9
 31665.21
 44
 44
 44
 0
 27471.56
 28316.59
 44
 44
 44
-45
 25178.43
 31913.84
 44
 44
 44
-45
 25185.38
 31943.18
 44
 44
 28.6
-45
 26868.49
 32192.71
 44
 44
 44
-45
 27332.63
 32756.09
 44
 44
 44
 45
 27447.76
 32856.79
 44
 44
 28.6
-45
 27049.67
 33414.37
 44
 44
 44
 45
 27509.01
 32791.33
 44
 44
 28.6
 0
 27511.55
 32862.88
 44
 44
 28.6
 0
 27549.17
 31162.86
 44
 44
 44
 0
 28445.25
 31297.63
 44
 44
 44
 0
 28337.51
 32729.97
 44
 44
 44
 45
 28447.84
 32605.94
 44
 44
 44
 0
 28471.37
 33418.45
 44
 44
 44
 0
 28490.05
 31966.75
 42.5
 44
 42.5
 0
 28655.59
 32047.7
 44
 44
 44
 45
 30139.12
 30109.96
 44
 44
 28.6
 0
 30276.14
 29824.09
 42.5
 44
 42.5
 0
 31035.11
 28741.08
 42.5
 44
 27.625
 0
 30216.97
 27778.89
 44
 44
 44
 45
 29158.46
 27827.62
 44
 44
 44
 0
 30853.9
 27729.36
 44
 44
 44
-45
 30652.73
 27571.94
 44
 44
 44
-45
 30660.6
 27469.64
 44
 44
 44
 0
 31156.1
 27393.39
 44
 44
 44
 0
 30755.48
 27107.99
 44
 44
 44
 0
 28680.67
 27541.22
 44
 44
 28.6
-45
 28672.08
 27639.93
 44
 44
 44
 0
 30723.49
 26603.07
 44
 44
 44
-45
 30320.45
 26542.69
 44
 44
 44
-45
 30177.93
 26461.21
 44
 44
 44
-45
 30133.7
 26390.11
 44
 44
 28.6
-45
 30096.38
 26418.03
 44
 44
 44
 0
 29676.29
 26267.88
 44
 44
 44
 0
 29720.2
 26212.36
 44
 44
 28.6
 0
 28640.78
 26201.79
 44
 44
 28.6
 0
 28759.4
 26171.77
 44
 44
 44
 0
 28458.36
 27248.01
 44
 44
 44
 0
 28319.43
 26902.34
 44
 44
 44
 0
 28302.42
 26963.22
 44
 44
 28.6
 45
 28098.93
 27159.49
 44
 44
 44
-45
 28085.38
 28188.39
 44
 44
 44
 0
 27705.12
 27900.11
 44
 44
 44
 0
 27519.07
 28323.88
 44
 44
 44
 0
 27545.97
 28421.94
 44
 44
 44
 0
 27524.3
 27235.96
 44
 44
 44
-45
 27536.84
 28478.67
 44
 44
 44
 45
 27603.66
 28469.06
 44
 44
 44
 0
 28404.45
 28907.43
 44
 44
 28.6
 45
 27643.74
 28864.11
 44
 44
 44
-45
 28014.92
 28919.22
 44
 44
 44
 45
 28369.47
 28881.49
 44
 44
 28.6
-45
 28032.14
 29424.97
 42.5
 44
 42.5
 0
