-836.1542
-393.0591
 44
 44
 132
-45
-803.5306
-632.3367
 44
 44
 85.8
 45
-609.8712
 925.9871
 44
 44
 85.8
-45
-1361.962
 316.8514
 44
 44
 132
 0
-1585.118
 1249.255
 44
 44
 132
 0
-1690.195
 1233.63
 44
 44
 132
 0
-1618.23
 1188.59
 44
 44
 132
 45
-998.745
-898.1848
 44
 44
 132
 45
-1392.388
 1260.542
 44
 44
 132
-45
-954.4828
 460.2239
 44
 44
 132
 0
-1777.04
 650.2811
 44
 44
 85.8
 0
-1121.683
-461.0698
 44
 44
 132
-45
-1278.864
-141.2732
 44
 44
 85.8
-45
-932.0516
 236.15
 44
 44
 132
-45
-1192.154
 1270.234
 44
 44
 85.8
-45
-1422.401
-218.3387
 44
 44
 132
 0
-1330.071
-1173.353
 44
 44
 85.8
 0
-1273.525
 322.739
 44
 44
 85.8
-45
-996.8473
 976.1119
 44
 44
 132
 0
 983.2837
-221.0872
 44
 44
 132
 45
-991.8503
 320.3536
 44
 44
 132
-45
 2280.738
-47.14547
 44
 44
 85.8
 0
 2387.926
-124.064
 44
 44
 132
 0
 2441.668
-128.416
 44
 44
 132
 0
 2313.279
-127.8161
 44
 44
 132
 45
 2522.737
-1336.39
 44
 44
 132
 45
 2440.979
-153.4273
 44
 44
 85.8
 45
 2526.489
-1593.909
 44
 44
 132
-45
 2616.194
-1413.847
 44
 44
 85.8
-45
 2708.459
-1582.65
 44
 44
 132
-45
 3630.322
 354.6941
 44
 44
 132
 0
 3610.7
 361.1507
 44
 44
 85.8
-45
 4296.671
 921.5331
 44
 44
 132
 45
 5098.448
 1220.838
 44
 44
 85.8
 0
 5240.112
 1085.341
 44
 44
 132
-45
 5551.22
-1055.442
 44
 44
 132
-45
 5600.392
-1060.659
 44
 44
 132
-45
 6897.333
-1233.798
 44
 44
 132
 45
 6855.702
-1287.166
 44
 44
 132
-45
 4780.006
-1468.568
 44
 44
 85.8
-45
 4559.723
-1457.732
 44
 44
 132
 0
 5626.176
-1693.507
 44
 44
 132
 0
 7903.909
-1110.346
 44
 44
 85.8
 0
 7922.906
-1920.21
 44
 44
 85.8
-45
 6714.651
-2345.729
 44
 44
 132
 0
 6719.212
-2394.032
 44
 44
 85.8
 0
 6619.013
-2359.292
 44
 44
 132
 0
 5626.998
-3061.255
 44
 44
 132
 0
 5080.708
-3492.32
 44
 44
 132
 45
 4972.321
-3526.603
 44
 44
 85.8
 0
 4921.984
-4736.308
 44
 44
 85.8
-45
 4883.489
-4999.805
 44
 44
 85.8
-45
 4593.519
-5250.771
 44
 44
 85.8
 0
 4587.848
-5130.07
 44
 44
 132
 0
 2593.454
-5113.612
 44
 44
 132
 45
-630.9572
-5370.245
 44
 44
 132
 0
-1294.08
-5411.22
 44
 44
 85.8
-45
-824.7809
-5203.165
 44
 44
 132
 0
-942.2544
-5241.757
 44
 44
 132
 45
-939.8082
-5256.716
 44
 44
 132
 45
 829.8528
-5338.799
 44
 44
 132
 0
-1194.143
-4990.287
 44
 44
 132
-45
-212.5844
-4894.63
 44
 44
 132
 0
-473.3719
-4882.667
 44
 44
 132
 0
-1360.798
-4849.251
 44
 44
 132
 0
 1151.583
-4809.798
 44
 44
 85.8
 0
 942.7053
-4829.309
 44
 44
 85.8
-45
 487.9245
-4738.073
 44
 44
 85.8
-45
 737.2108
-4748.867
 44
 44
 85.8
 0
 530.4166
-4693.877
 44
 44
 132
 0
-163.6798
-4609.831
 44
 44
 132
 45
 1039.235
-4700.579
 44
 44
 132
-45
-737.5773
-4590.535
 44
 44
 85.8
-45
-610.3734
-4656.647
 44
 44
 85.8
 0
-696.3889
-4619.043
 44
 44
 132
 0
-2632.015
-5021.237
 44
 44
 132
 45
 52.37302
-4457.411
 44
 44
 132
 0
 726.9717
-4378.194
 44
 44
 85.8
-45
 187.9955
-4276.26
 44
 44
 132
 0
-1794.928
-4098.233
 44
 44
 132
 0
-308.4868
-3946.122
 44
 44
 85.8
-45
-1900.837
-3858.621
 44
 44
 85.8
-45
-173.8734
-3762.533
 44
 44
 132
 0
-273.0406
-3714.688
 44
 44
 132
 45
-265.8184
-3690.545
 44
 44
 85.8
-45
-3905.176
-3828.159
 44
 44
 85.8
 0
-2051.945
-3400.95
 44
 44
 85.8
 0
-3249.019
-2637.131
 44
 44
 132
-45
-1496.727
-2516.27
 44
 44
 85.8
 0
-2837.938
-2558.3
 44
 44
 85.8
-45
-3132.069
-2497.589
 44
 44
 85.8
 0
-1984.236
-1816.064
 44
 44
 132
 0
-3341.366
-848.2852
 44
 44
 85.8
 0
-1901.226
-630.3159
 44
 44
 132
 0
-1764.201
-262.0679
 44
 44
 85.8
 45
-4166.122
-1462.485
 44
 44
 85.8
 0
-1993.696
 1.05721
 44
 44
 132
-45
-4191.467
-1462.107
 44
 44
 132
 0
-4186.488
 155.54
 44
 44
 132
-45
-1816.37
 529.4894
 44
 44
 132
 45
-3305.365
 425.1656
 44
 44
 132
 45
-3718.75
 838.3959
 44
 44
 132
-45
-1963.254
 1072.753
 44
 44
 85.8
 45
-2500.68
 1122.198
 44
 44
 85.8
 0
-2226.906
 1170.189
 44
 44
 132
-45
-2126.496
 1092.541
 44
 44
 132
 0
-3285.788
 1434.309
 44
 44
 85.8
 0
-2262.553
 1497.761
 44
 44
 85.8
 0
-3203.29
 1556.229
 44
 44
 132
-45
-2464.95
 1598.635
 44
 44
 132
-45
-2310.012
 1626.417
 44
 44
 132
-45
-2402.283
 1759.783
 44
 44
 85.8
-45
-2310.034
 1725.51
 44
 44
 85.8
 45
-3558.752
 1777.569
 44
 44
 85.8
 0
-2377.866
 2562.662
 44
 44
 85.8
 0
-3281.433
 2830.554
 44
 44
 132
-45
-3884.539
 3224.613
 44
 44
 85.8
 0
 612.8026
-1819.336
 44
 44
 132
 0
 935.3079
-2316.227
 44
 44
 132
 0
 1977.999
-2016.491
 44
 44
 132
 45
 1100.068
-3000.392
 44
 44
 85.8
-45
 1021.284
-2960.592
 44
 44
 132
 45
 4230.702
-2548.928
 44
 44
 85.8
 0
 3566.863
-3302.594
 44
 44
 132
 0
 2436.405
-3707.678
 44
 44
 132
-45
 2641.804
-3672.888
 44
 44
 132
 45
 3756.448
-3771.594
 44
 44
 132
-45
 2481.948
-3895.317
 44
 44
 132
 0
 3947.111
-4285.688
 44
 44
 132
-45
 4051.354
-4276.773
 44
 44
 85.8
 0
 1110.074
-3890.619
 44
 44
 132
-45
 868.1703
-4016.367
 44
 44
 132
-45
 576.6599
-3288.442
 44
 44
 132
 0
 191.7611
-3647.207
 44
 44
 132
-45
 183.3358
-3799.343
 44
 44
 132
 45
 150.2644
-3428.654
 44
 44
 132
 0
-4566.15
 1420.308
 44
 44
 132
-45
-4670.053
 1346.187
 44
 44
 132
 45
-4692.478
 1313.362
 44
 44
 132
 0
-4887.434
 3490.186
 44
 44
 132
 0
-5038.674
 2166.646
 44
 44
 85.8
 0
-5032.711
 2185.69
 44
 44
 132
 45
-5298.29
 2908.032
 44
 44
 85.8
 45
-5304.425
 3693.246
 44
 44
 85.8
 0
-5235.841
 2263.281
 44
 44
 132
-45
-5511.109
 2502.839
 44
 44
 132
 0
-5885.611
 1101.969
 44
 44
 85.8
-45
-6117.443
 1211.411
 44
 44
 85.8
 0
-7323.771
 1040.926
 44
 44
 85.8
 0
-7473.07
 1390.422
 44
 44
 132
 0
-7451.62
 1359.721
 44
 44
 132
 0
-7494.364
 1409.3
 44
 44
 132
 45
-4411.401
-1221.174
 44
 44
 85.8
 45
-4282.153
-1434.16
 44
 44
 132
 45
finlist
 0
 1
 1
 1
 0
 1
 1
 1
 0
 1
 1
 1
 0
 1
 1
 1
 0
 1
 1
 1
 0
 1
 1
 1
 0
 1
 1
 1
 0
 1
 1
 1
 0
 1
 1
 1
 0
 1
 1
 1
 0
 1
 1
 1
 0
 1
 1
 1
 0
 1
 1
 1
 0
 1
 1
 1
 0
 1
 1
 1
 0
 1
 1
 1
 0
 1
 1
 1
 0
 1
 1
 1
 0
 1
 1
 1
 0
 1
 1
 1
 0
 1
 1
 1
 0
 1
 1
 1
 0
 1
 1
 1
 0
 1
 1
 1
 0
 1
 1
 1
 0
 1
 1
 1
 0
 1
 1
 1
 0
 1
 1
 1
 0
 1
 1
 1
 0
 1
 1
 1
 0
 1
 1
 1
 0
 1
 1
 1
 0
 1
 1
 1
 0
 1
 1
 1
 0
 1
 1
 1
 0
 1
 1
 1
 0
 1
 1
 1
 0
 1
 1
 1
 0
 1
 1
 1
 0
 1
 1
 1
 0
 1
 1
 1
 0
 1
 1
 1
 0
 1
 1
 1
 0
 1
 1
 1
 0
 1
 1
 1
 0
 1
 1
 1
 0
 1
 1
 1
 0
 1
 1
 1
 0
 1
 1
 1
 0
 1
 1
 1
 0
 1
 1
 1
 0
 1
 1
 1
 0
 1
 1
 1
 0
 1
 1
 1
 0
 1
 1
 1
 0
 1
 1
 1
 0
 1
 1
 1
 0
 1
 1
 1
 0
 1
 1
 1
 0
 1
 1
 1
 0
 1
 1
 1
 0
 1
 1
 1
 0
 1
 1
 1
 0
 1
 1
 1
 0
 1
 1
 1
 0
 1
 1
 1
 0
 1
 1
 1
 0
 1
 1
 1
 0
 1
 1
 1
 0
 1
 1
 1
 0
 1
 1
 1
 0
 1
 1
 1
 0
 1
 1
 1
 0
 1
 1
 1
 0
 1
 1
 1
 0
 1
 1
 1
 0
 1
 1
 1
 0
 1
 1
 1
 0
 1
 1
 1
 0
 1
 1
 1
 0
 1
 1
 1
 0
 1
 1
 1
 0
 1
 1
 1
 0
 1
 1
 1
 0
 1
 1
 1
 0
 1
 1
 1
 0
 1
 1
 1
 0
 1
 1
 1
 0
 1
 1
 1
 0
 1
 1
 1
 0
 1
 1
 1
 0
 1
 1
 1
 0
 1
 1
 1
 0
 1
 1
 1
 0
 1
 1
 1
 0
 1
 1
 1
 0
 1
 1
 1
 0
 1
 1
 1
 0
 1
 1
 1
 0
 1
 1
 1
 0
 1
 1
 1
 0
 1
 1
 1
 0
 1
 1
 1
 0
 1
 1
 1
 0
 1
 1
 1
 0
 1
 1
 1
 0
 1
 1
 1
 0
 1
 1
 1
 0
 1
 1
 1
 0
 1
 1
 1
 0
 1
 1
 1
 0
 1
 1
 1
 0
 1
 1
 1
 0
 1
 1
 1
 0
 1
 1
 1
 0
 1
 1
 1
 0
 1
 1
 1
 0
 1
 1
 1
 0
 1
 1
 1
 0
 1
 1
 1
 0
 1
 1
 1
 0
 1
 1
 1
 0
 1
 1
 1
 0
 1
 1
 1
 0
 1
 1
 1
 0
 1
 1
 1
 0
 1
 1
 1
 0
 1
 1
 1
 0
 1
 1
 1
 0
 1
 1
 1
 0
 1
 1
 1
 0
 1
 1
 1
 0
 1
 1
 1
 0
 1
 1
 1
 0
 1
 1
 1
 0
 1
 1
 1
 0
 1
 1
 1
 0
 1
 1
 1
 0
 1
 1
 1
 0
 1
 1
 1
 0
 1
 1
 1
 0
 1
 1
 1
 0
 1
 1
 1
 0
 1
 1
 1
 0
 1
 1
 1
 0
 1
 1
 1
 0
 1
 1
 1
 0
 1
 1
 1
 0
 1
 1
 1
 0
 1
 1
 1
 0
 1
 1
 1
 0
 1
 1
 1
 0
 1
 1
 1
 0
 1
 1
 1
