 621037.4
-222639.1
 44
 43.51145
 130.5343
 0
 621215.8
-222816.6
 44
 44
 132
 45
 621425.1
-222691
 44
 44
 132
 45
 621177.4
-222714.5
 44
 44
 85.8
 45
 621328.7
-223021.3
 44
 44
 132
 0
 621718
-223172.6
 44
 44
 132
 0
 622395.6
-223175.9
 44
 44
 132
-45
 622434.6
-223323.6
 44
 44
 132
 0
 622239.8
-223386.7
 44
 44
 132
 0
 622413.4
-223409.5
 44
 44
 85.8
 45
 622260.5
-223477.9
 44
 44
 132
 0
 621140.7
-223594
 44
 44
 132
-45
 621505.9
-224137.9
 44
 44
 132
 0
 621403
-224081.9
 44
 44
 85.8
 45
 621510.5
-224082.2
 44
 44
 132
 0
 622473.9
-224312.4
 44
 40.61068
 79.19084
 45
 621809.8
-224640.2
 44
 44
 132
-45
 623446.6
-224769.6
 44
 44
 132
 0
 622197.4
-224721.8
 44
 43.51145
 130.5343
 0
 619686.1
-224796.5
 44
 44
 132
 45
 622203.4
-224735.9
 44
 43.51145
 130.5343
 0
 623481.4
-224782
 44
 40.61068
 121.8321
 45
 623582.5
-224589.8
 44
 44
 132
 0
 622250.9
-224809.3
 44
 44
 85.8
 0
 623613.3
-223810.5
 44
 44
 132
 45
 620918.1
-224843.5
 44
 44
 85.8
 0
 623284.1
-225083.2
 44
 43.51145
 130.5343
 0
 624077.6
-224758.3
 44
 44
 85.8
 0
 623671.2
-225517.1
 44
 44
 132
-45
 623715.4
-225536.3
 44
 44
 85.8
-45
 623938.4
-225534.7
 44
 44
 85.8
 0
 624600.6
-225155.8
 44
 44
 132
-45
 623876.9
-225839.7
 44
 44
 132
-45
 624651.9
-226121.4
 44
 44
 85.8
 45
 624591.5
-226212.3
 44
 44
 132
 45
 624644.6
-226445.9
 44
 44
 132
 0
 621974.9
-226651.9
 44
 44
 132
 0
 622038.9
-226691.7
 44
 44
 85.8
 0
 623924.3
-226731.6
 44
 44
 132
 0
 622194
-226923.3
 44
 44
 132
 0
 623822.4
-226880.3
 44
 44
 132
 0
 626505.1
-226981.8
 44
 40.61068
 121.8321
 45
 626599.3
-226559.1
 44
 44
 132
-45
 625954.5
-227246.9
 44
 40.61068
 79.19084
-45
 627157.9
-225950.5
 44
 44
 132
 0
 627300.5
-227042.3
 44
 44
 132
 0
 627246.2
-225889.3
 44
 44
 85.8
 0
 627325.5
-227109.1
 44
 40.61068
 79.19084
-45
 629941.1
-227218.1
 44
 44
 85.8
-45
 629350.3
-227007
 44
 44
 132
-45
 629263.6
-226680.2
 44
 43.51145
 130.5343
 0
 629362.6
-228286.5
 44
 44
 132
-45
 629196
-229538.9
 44
 44
 132
 0
 629139.3
-229473.6
 44
 40.61068
 79.19084
 45
 629124.3
-226938.2
 44
 44
 85.8
 0
 629145.4
-229498.8
 44
 44
 132
-45
 629196
-229793.5
 44
 40.61068
 121.8321
 45
 628893.4
-229660.6
 44
 44
 132
 0
 628920
-229888.8
 44
 44
 132
 0
 628882.5
-229850.9
 44
 44
 132
-45
 628796.6
-229658.3
 44
 44
 85.8
 45
 628864.6
-229626.3
 44
 44
 132
-45
 628875.4
-229824.7
 44
 44
 132
 0
 628787.5
-229693.7
 44
 44
 132
-45
 628461.5
-228673.9
 44
 44
 85.8
 0
 628300.3
-228558.5
 44
 40.61068
 121.8321
-45
 628324.4
-227258.9
 44
 44
 132
 0
 628165.9
-229546
 44
 44
 132
-45
 627799.1
-228152
 44
 44
 132
-45
 627702.3
-229408.6
 44
 40.61068
 79.19084
 45
 627519.8
-229790.8
 44
 44
 132
 45
 627522.8
-229625.3
 44
 40.61068
 121.8321
 45
 626204.8
-229429.5
 44
 44
 132
-45
 626193.4
-228730.8
 44
 44
 132
-45
 626103.9
-228708.3
 44
 44
 85.8
-45
 625984.8
-229913
 44
 44
 85.8
 0
 626043.6
-229908.7
 44
 44
 85.8
 0
 625666.8
-227668.2
 44
 44
 85.8
-45
 625646
-227718.8
 44
 44
 85.8
 45
 625575.2
-228759.4
 44
 44
 132
 0
 625085
-228935.5
 44
 44
 132
-45
 625033.8
-229557.2
 44
 44
 85.8
 0
 624766.9
-229978.9
 44
 44
 132
-45
 624754.8
-229495
 44
 40.61068
 121.8321
-45
 624781
-227535.6
 44
 44
 132
 0
 624622.8
-229060.5
 44
 40.61068
 121.8321
-45
 624562.8
-227823.1
 44
 44
 85.8
 45
 624378.4
-229553.3
 44
 44
 132
 45
 624331.9
-229553.1
 44
 44
 132
 0
 623779.5
-229912
 44
 44
 132
 0
 623852.5
-228368.6
 44
 44
 132
 45
 623363.3
-229584
 44
 44
 132
 0
 622800.6
-227875.5
 44
 44
 85.8
-45
 622392.3
-229038.5
 44
 43.51145
 130.5343
 0
 622276.2
-228465.1
 44
 44
 132
 0
 622276.8
-228417.4
 44
 40.61068
 79.19084
 45
 621135.8
-226147.5
 44
 44
 85.8
-45
 621042.5
-226148.5
 44
 44
 132
-45
 628964.3
-225844.7
 44
 44
 132
 45
 628043.6
-225760.9
 44
 44
 132
 0
 627910.2
-225505.5
 44
 44
 132
-45
 619730.5
-225002.4
 44
 44
 132
 0
 619635.4
-224697.1
 44
 44
 85.8
-45
