 147057.9
 100868.3
 44
 44
 34.32
 0
 146910.5
 100827.5
 44
 44
 52.8
 45
 143958.9
 100097.4
 44
 43.84615
 52.61539
 0
 143052.4
 98394.01
 44
 44
 34.32
-45
 142735.7
 98780.99
 44
 44
 34.32
 0
 142784.4
 98794.83
 44
 44
 34.32
 0
 143968.6
 101144.9
 44
 44
 34.32
 0
 141640.3
 101107.3
 44
 40.92307
 49.10769
 45
 144920.8
 101630.7
 44
 40.92307
 31.92
-45
 144060
 101804.6
 44
 44
 52.8
 0
 143193
 101750.5
 44
 44
 52.8
 45
 144049.6
 101691.9
 44
 44
 52.8
-45
 143361.6
 101789.9
 44
 44
 52.8
 0
 144025.6
 101877.4
 44
 44
 52.8
 45
 143471.8
 102215.1
 44
 44
 52.8
 0
 141992.4
 102296.3
 44
 44
 52.8
 45
 142090.5
 102478.1
 44
 44
 34.32
-45
 142102.3
 102558.5
 44
 44
 52.8
 45
 144064.7
 102843.7
 44
 44
 34.32
 0
 145792
 103002.4
 44
 40.92307
 49.10769
-45
 145899.8
 101526.5
 44
 44
 52.8
-45
 145991.4
 103680.1
 44
 44
 34.32
 0
 146120.1
 103703.4
 44
 44
 52.8
 0
 146061.3
 103481.8
 44
 44
 34.32
-45
 145421.7
 101407.4
 44
 44
 52.8
 45
 146374
 101740.5
 44
 44
 34.32
 0
 146656.7
 101404.1
 44
 44
 52.8
 0
 146715.5
 102775.9
 44
 44
 34.32
-45
 146787.9
 102643.3
 44
 44
 34.32
 0
 146823.8
 102121.4
 44
 44
 34.32
-45
 146879.4
 102217.5
 44
 44
 52.8
 0
 146850.6
 102789.6
 44
 44
 52.8
-45
 147033.3
 102662
 44
 44
 52.8
 0
 147295.3
 102417.6
 44
 44
 52.8
-45
 147203.5
 102327.3
 44
 44
 52.8
 0
 147376
 103296.8
 44
 40.92307
 49.10769
 45
 147380.2
 101764.5
 44
 44
 52.8
 0
 147445.2
 101481.7
 44
 44
 52.8
 0
 147716.3
 102482.9
 44
 44
 52.8
 45
 147916
 101735.7
 44
 44
 52.8
 0
 148208.4
 101846.8
 44
 44
 52.8
 0
 148412.1
 102040.3
 44
 44
 34.32
 45
 148626.7
 102899.6
 44
 44
 34.32
-45
 148594.3
 102136.1
 44
 44
 52.8
 0
 148732.9
 103178.3
 44
 44
 52.8
-45
 148899
 103016.4
 44
 44
 52.8
 0
 148851
 101805.5
 44
 43.84615
 52.61539
 0
 148906.6
 102067.9
 44
 44
 52.8
 45
 149534.2
 102057.8
 44
 44
 34.32
 0
 149595.9
 102470.6
 44
 44
 34.32
 45
 149659
 102533.7
 44
 44
 34.32
-45
 149631
 102381.9
 44
 44
 34.32
-45
 150959.9
 102207.8
 44
 40.92307
 49.10769
-45
 151162
 101663.7
 44
 40.92307
 49.10769
-45
 151288.5
 102003.4
 44
 44
 52.8
-45
 151434.2
 101557.2
 44
 44
 52.8
 0
 151486.1
 101978.2
 44
 44
 52.8
 45
 151624.3
 101913.9
 44
 44
 52.8
-45
 151600.9
 101677.2
 44
 44
 34.32
 0
 151894.3
 102355.6
 44
 43.84615
 52.61539
 0
 152468.6
 102390.7
 44
 44
 52.8
 0
 152453.7
 102388.9
 44
 44
 52.8
 0
 152463.5
 102430.9
 44
 44
 34.32
 0
 152633.5
 102518.9
 44
 43.84615
 52.61539
 0
 152754.7
 102428.4
 44
 44
 34.32
 45
 152914.6
 101432.3
 44
 44
 34.32
 0
 152949.3
 101378.2
 44
 44
 52.8
 45
 152894.5
 101299
 44
 44
 52.8
-45
 153017.2
 103352.4
 44
 44
 52.8
-45
 152857.6
 101425.9
 44
 44
 34.32
 0
 153044.9
 103371.1
 44
 44
 52.8
-45
 153057.1
 103155.4
 44
 44
 34.32
 0
 153031.9
 103220.5
 44
 44
 52.8
 0
 153035.7
 103241.5
 44
 44
 34.32
 0
 153255.8
 101450.1
 44
 43.84615
 34.2
 0
 153288.7
 102419.5
 44
 44
 52.8
 0
 153446.4
 102541
 44
 44
 52.8
 45
 153514
 102750.4
 44
 44
 34.32
 45
 153710.1
 102581.2
 44
 44
 52.8
-45
 153759.8
 102235.1
 44
 44
 52.8
 0
 153835
 101927.8
 44
 44
 52.8
-45
 154186
 102505.5
 44
 44
 34.32
 0
 154178.5
 102494
 44
 44
 52.8
 0
 154193
 102560.6
 44
 44
 34.32
 0
 154060.6
 101098.1
 44
 44
 52.8
-45
 153126.5
 100798.1
 44
 44
 34.32
 45
 153090.1
 100819.8
 44
 44
 52.8
 0
 153114.1
 100809.3
 44
 44
 34.32
 0
 154179.7
 100631
 44
 40.92307
 49.10769
 45
 153662.9
 100518
 44
 44
 52.8
-45
 152346.5
 100437.6
 44
 44
 34.32
 0
 152341.1
 100394.6
 44
 44
 34.32
 0
 153171.7
 100179.5
 44
 44
 52.8
-45
 154471.8
 100249.5
 44
 44
 52.8
 0
 153183.3
 100137.1
 44
 44
 34.32
-45
 153840.5
 100074.3
 44
 44
 52.8
 0
 154376.4
 100084.3
 44
 44
 34.32
 0
 153895.9
 100042.9
 44
 44
 34.32
 45
 153148.4
 99986.56
 44
 44
 52.8
 0
 153170.1
 100003.3
 44
 44
 52.8
-45
 153843.7
 99829.01
 44
 44
 52.8
 0
 152310.5
 99612.66
 44
 40.92307
 49.10769
-45
 152374.2
 99417.11
 44
 44
 52.8
-45
 154551.9
 98995.39
 44
 44
 52.8
 0
 153831.5
 98066.1
 44
 40.92307
 31.92
-45
 153376.9
 97801.02
 44
 44
 34.32
 0
 153384.1
 97809.45
 44
 44
 52.8
 0
 153735.9
 97735.45
 44
 44
 34.32
 0
 152116.5
 97528.52
 44
 44
 52.8
 0
 153942.2
 97281.96
 44
 44
 34.32
 0
 152206
 97350.16
 44
 44
 34.32
-45
 151956.9
 97142.46
 44
 44
 52.8
 0
 152248
 97043.92
 44
 44
 52.8
 0
 153166
 96967.39
 44
 44
 52.8
 0
 151935.4
 97596.77
 44
 44
 52.8
 0
 153346.6
 96930.74
 44
 44
 34.32
 0
 153137.4
 97025.57
 44
 44
 52.8
 45
 152208.2
 96913.34
 44
 44
 34.32
 0
 152465.1
 96719.42
 44
 44
 34.32
 45
 153312.6
 96723.09
 44
 44
 34.32
 45
 152362.3
 96599.5
 44
 44
 52.8
 0
 154106.3
 96592.72
 44
 44
 34.32
-45
 152285
 96337.57
 44
 44
 52.8
 0
 153202.4
 96240.18
 44
 40.92307
 49.10769
-45
 151945.1
 96148.45
 44
 44
 52.8
-45
 151736.5
 96992.38
 44
 44
 52.8
 0
 151807.7
 97481.26
 44
 44
 52.8
 45
 151679.6
 97092.07
 44
 44
 34.32
 45
 151603.8
 97753.38
 44
 44
 52.8
 0
 151486.9
 96932.63
 44
 44
 34.32
-45
 151611.5
 97344.29
 44
 44
 34.32
 0
 151319.3
 96956.56
 44
 44
 52.8
 0
 150820.3
 97013.16
 44
 44
 52.8
 0
 150799.1
 96756.94
 44
 44
 52.8
 0
 150808.9
 97883.45
 44
 44
 52.8
 0
 150369
 97862.27
 44
 44
 34.32
 0
 150380.8
 98043.45
 44
 44
 52.8
 0
 150034.2
 97775.9
 44
 44
 34.32
-45
 149724.7
 97457.79
 44
 44
 52.8
-45
 149707.3
 96975.01
 44
 44
 52.8
 0
 149712
 96311.3
 44
 44
 52.8
 45
 149546
 96716.67
 44
 44
 52.8
 0
 149457.3
 99115.83
 44
 44
 52.8
-45
 149439.4
 96491
 44
 44
 52.8
-45
 149371.7
 98635.59
 44
 44
 52.8
 45
 149230.4
 97388.95
 44
 40.92307
 31.92
-45
 149253.9
 96694.32
 44
 43.84615
 34.2
 0
 149191.6
 97320.35
 44
 44
 52.8
-45
 149195
 97500.43
 44
 44
 52.8
 45
 149160.2
 97475.02
 44
 44
 52.8
-45
 148953.3
 98597.65
 44
 44
 52.8
 45
 148967.3
 98517.26
 44
 44
 52.8
 0
 148776.9
 96950.82
 44
 44
 52.8
 0
 148715.5
 98673.18
 44
 44
 34.32
-45
 148374.2
 96255.89
 44
 43.84615
 34.2
 0
 148091.1
 97136.3
 44
 44
 34.32
 0
 148216.1
 96576.8
 44
 44
 52.8
 0
 148076.8
 97596.77
 44
 44
 52.8
-45
 147955.1
 98828.88
 44
 44
 34.32
-45
 148001.4
 97547.2
 44
 43.84615
 52.61539
 0
 147897.7
 98477.79
 44
 40.92307
 31.92
 45
 147662.4
 98880.74
 44
 44
 34.32
 0
 147662.5
 97879.9
 44
 44
 52.8
-45
 147720.3
 96511
 44
 44
 52.8
 0
 147573.5
 97681.13
 44
 44
 52.8
 0
 147555.8
 97723.98
 44
 44
 52.8
-45
 147407.9
 96493.76
 44
 44
 34.32
 0
 147489.2
 97482.14
 44
 40.92307
 49.10769
 45
 147466.4
 97205.05
 44
 40.92307
 49.10769
 45
 147450.1
 98218.3
 44
 44
 52.8
 0
 147329.9
 98642.68
 44
 43.84615
 52.61539
 0
 147034.5
 98398.73
 44
 44
 52.8
 0
 146919.3
 98472.42
 44
 44
 52.8
-45
 146918
 96990.12
 44
 44
 34.32
-45
 146535.3
 98640.28
 44
 44
 34.32
 0
 146604.7
 96836.77
 44
 44
 52.8
 45
 145970
 98493.49
 44
 44
 52.8
 0
 145947.7
 98627.37
 44
 44
 34.32
 45
 146092.4
 96323.31
 44
 44
 34.32
 0
 145870.1
 98698.52
 44
 44
 34.32
-45
 145863.5
 98761.4
 44
 43.84615
 34.2
 0
 145610.5
 98559.83
 44
 44
 52.8
-45
 145631.9
 98641.86
 44
 44
 34.32
 0
 145525.4
 98293.73
 44
 44
 52.8
 0
 145571.8
 98294.7
 44
 44
 52.8
 0
 145658
 99066.77
 44
 44
 52.8
 0
 146394.2
 98975.01
 44
 44
 52.8
 45
 147428.4
 99193.01
 44
 44
 52.8
-45
 146372.3
 99144.45
 44
 44
 52.8
-45
 146036
 99225.3
 44
 43.84615
 52.61539
 0
 143138.4
 96917.04
 44
 44
 52.8
 0
 146296.3
 99360.91
 44
 44
 34.32
 45
 144928.8
 99649.55
 44
 44
 34.32
 0
 144410.7
 100185.3
 44
 44
 52.8
 45
 144310.1
 100312.5
 44
 44
 34.32
 0
 144842.6
 100393.7
 44
 40.92307
 31.92
-45
 144568.1
 100438.4
 44
 44
 52.8
-45
 144854.2
 100530.1
 44
 44
 52.8
 0
 146723.9
 101366.1
 44
 44
 52.8
 45
 147717.6
 101178.7
 44
 44
 34.32
 45
 147642.9
 101117.3
 44
 44
 34.32
 45
 146245.5
 100863.7
 44
 44
 52.8
 0
 148369.8
 100921.4
 44
 44
 52.8
 0
 147761.5
 100518.3
 44
 44
 52.8
 45
 146135.3
 100547.3
 44
 44
 52.8
-45
 145527.9
 100355.2
 44
 40.92307
 31.92
 45
 147199.2
 100319
 44
 44
 34.32
 45
 149128.4
 101158.4
 44
 44
 52.8
 0
 145838.3
 100099.7
 44
 44
 52.8
 0
 147653.8
 100039.7
 44
 44
 34.32
 0
 147739.1
 100017.4
 44
 44
 34.32
-45
 146104.3
 99909.21
 44
 44
 34.32
-45
 147116
 99922.32
 44
 44
 34.32
-45
 146102
 99767.51
 44
 44
 52.8
-45
 148886.3
 99790.64
 44
 44
 52.8
 45
 146368.5
 99625.37
 44
 44
 52.8
 45
 151415.3
 99891.88
 44
 44
 52.8
-45
 146639.9
 99395.53
 44
 44
 52.8
 0
 145529.5
 100028.3
 44
 44
 52.8
 0
 145502.3
 100030.4
 44
 44
 34.32
 0
