 450303.7
-673343.1
 44
 40.61068
 40.61068
 45
 450360.8
-673005.4
 44
 44
 44
 0
 450219.3
-673086.4
 44
 44
 28.6
-45
 450250
-672995.6
 44
 44
 28.6
-45
 450287.7
-672768.5
 44
 44
 44
 0
 449008.6
-673138.1
 44
 44
 28.6
-45
 448630.4
-672257.5
 44
 44
 44
-45
 447672.5
-671919.8
 44
 44
 28.6
 45
 446922.9
-672521.1
 44
 44
 44
 0
 446925.2
-672504.9
 44
 44
 28.6
 45
 446814.6
-672079.5
 44
 44
 28.6
 0
 446224.3
-672473.8
 44
 44
 44
-45
 446256
-672493.8
 44
 44
 28.6
 45
 446209.4
-672451.3
 44
 44
 44
 0
 445696.9
-672417.9
 44
 44
 44
-45
 445701.7
-672333.4
 44
 44
 44
-45
 445558.5
-672361.6
 44
 44
 44
 0
 444580.7
-672003.3
 44
 44
 28.6
 0
 443840.3
-671026.1
 44
 44
 28.6
 45
 442274.3
-671587.2
 44
 44
 44
 0
 444423.8
-670048.8
 44
 44
 28.6
-45
 442060.8
-669944.6
 44
 43.51145
 43.51145
 0
 444085.4
-669778.2
 44
 44
 28.6
 45
 444712.8
-669263.9
 44
 44
 28.6
 0
 444520.4
-668541.7
 44
 44
 44
 0
 444899.6
-668196.9
 44
 44
 28.6
 0
 444842.1
-668115.9
 44
 44
 44
-45
 444618.7
-667503.5
 44
 44
 44
 0
 444789
-667176.2
 44
 40.61068
 26.39695
-45
 444717.7
-665925.8
 44
 44
 44
 0
 444726
-665920.7
 44
 44
 28.6
 0
 444965.5
-667561.4
 44
 44
 44
 45
 444972.1
-668077.3
 44
 44
 28.6
 0
 445103.6
-667210.8
 44
 44
 44
 0
 445678.8
-667399.9
 44
 44
 28.6
-45
 445894.6
-666390.6
 44
 44
 44
-45
 446106.8
-667420.9
 44
 43.51145
 28.28244
 0
 446319.5
-667112.5
 44
 40.61068
 40.61068
 45
 446244.8
-667969
 44
 44
 28.6
-45
 446610.8
-667278.8
 44
 44
 44
 0
 446623.3
-667117.4
 44
 44
 44
-45
 446598.6
-667240.9
 44
 44
 28.6
 0
 446955.7
-665815.6
 44
 44
 28.6
 0
 447194.4
-666864
 44
 44
 44
 45
 447911.7
-667807.9
 44
 44
 44
 45
 447891.7
-667911.3
 44
 44
 44
 45
 449390
-668404.2
 44
 44
 44
 0
 449527.2
-667871.9
 44
 44
 44
 0
 449868
-667825.6
 44
 44
 28.6
 0
 449834.5
-668440.5
 44
 44
 28.6
 45
 446271.3
-668623.3
 44
 43.51145
 43.51145
 0
 450123.8
-666384.3
 44
 44
 28.6
-45
 450243.6
-667457.7
 44
 44
 44
 0
 450438.4
-665900.9
 44
 44
 44
 0
 452014.3
-666188.5
 44
 40.61068
 26.39695
-45
 452044.6
-666682.1
 44
 40.61068
 40.61068
 45
 452851.1
-667486.5
 44
 44
 44
 0
 452947.6
-668407.7
 44
 44
 44
-45
 453027
-668036.6
 44
 44
 28.6
 0
 453091.7
-667791
 44
 44
 44
 45
 453546.9
-668383.8
 44
 44
 28.6
-45
 452900.2
-668909
 44
 44
 44
 0
 453591.1
-669150.7
 44
 44
 28.6
-45
 452070.1
-669969
 44
 44
 28.6
 45
 452288.2
-670052.9
 44
 44
 28.6
 45
 453275.9
-671747.1
 44
 44
 44
 0
 452298.4
-671989.8
 44
 44
 28.6
 45
 453325.4
-672049.1
 44
 44
 28.6
 0
 453300.4
-672133.5
 44
 44
 44
 0
 453358.1
-672063.5
 44
 44
 44
 0
 451344.4
-672134.2
 44
 44
 44
 0
 453188.8
-672180.9
 44
 44
 44
 45
 453256.7
-672183.8
 44
 44
 44
 0
 453173.9
-672144
 44
 44
 28.6
 0
 453377.9
-672283.1
 44
 44
 28.6
 0
 453221.3
-672369.7
 44
 44
 28.6
-45
 451092.9
-671028.2
 44
 44
 28.6
-45
 451065.8
-672918.4
 44
 40.61068
 26.39695
 45
 450969.5
-671291.9
 44
 44
 44
-45
 450996.7
-669964.6
 44
 44
 28.6
 0
 447570.7
-669160.3
 44
 40.61068
 40.61068
-45
 447727.4
-669156.5
 44
 44
 28.6
 0
 451043.7
-669119.1
 44
 40.61068
 26.39695
-45
 447285.2
-670420.1
 44
 40.61068
 40.61068
-45
 447173.9
-670068.5
 44
 40.61068
 40.61068
 45
 446969.3
-670013.8
 44
 44
 28.6
 0
 446139.9
-669743.4
 44
 40.61068
 40.61068
-45
 446055.6
-669128.9
 44
 40.61068
 40.61068
 45
 446024.5
-670578
 44
 40.61068
 26.39695
-45
 445601.3
-670196.1
 44
 44
 44
 0
 445460.1
-669873.5
 44
 40.61068
 40.61068
 45
 445099.3
-668951.8
 44
 44
 44
-45
 447551
-668811.6
 44
 44
 44
-45
 446565.7
-668835.8
 44
 44
 28.6
 0
