-507276.3
-163415.8
 44
 44
 52.8
 0
-508558.7
-162674.8
 44
 44
 52.8
-45
-508361.6
-164214.8
 44
 44
 52.8
 0
-508052.8
-164385.9
 44
 44
 52.8
 0
-508366.7
-165806.2
 44
 44
 52.8
 0
-506411.8
-162961.4
 44
 44
 52.8
 0
-507013.8
-162472.4
 44
 44
 52.8
 0
-506643
-163132.5
 44
 44
 34.32
-45
-508455.4
-162519
 44
 44
 34.32
 0
-507204.9
-163090
 44
 44
 52.8
 0
-507118.2
-165681.7
 44
 44
 52.8
 45
-507764
-164068.4
 44
 42.66666
 51.2
-45
-507477
-162547.4
 44
 44
 52.8
 0
-507244.3
-162768.3
 44
 44
 34.32
-45
-507076.8
-162419
 44
 44
 52.8
-45
-507629.4
-164390.4
 44
 44
 52.8
 0
-507755.9
-163549.6
 44
 44
 52.8
 0
-507251.7
-162704.6
 44
 42.66666
 33.28
-45
-507474.2
-162463.3
 44
 44
 52.8
 0
-507386
-162806.7
 44
 44
 34.32
 45
-507163.3
-162486.1
 44
 44
 34.32
 45
-507913.1
-163666.6
 44
 44
 34.32
-45
-508388.2
-164765.3
 44
 44
 52.8
 0
-507358.3
-163997.4
 44
 44
 52.8
 45
-508845.4
-163238.7
 44
 44
 52.8
 45
-506681.8
-164283.4
 44
 44
 34.32
-45
-508037.4
-162921.7
 44
 44
 52.8
-45
-506312.1
-163850.7
 44
 44
 52.8
 0
-508192.2
-163673.3
 44
 44
 34.32
 0
-508147.7
-163962.6
 44
 42.66666
 33.28
-45
-508264.1
-164384.9
 44
 44
 34.32
 0
-507066
-162572.6
 44
 44
 52.8
 0
-507039.3
-163031.7
 44
 44
 34.32
 0
-506618.7
-165311.2
 44
 44
 34.32
 45
-507148.7
-163060.1
 44
 44
 52.8
 45
-507605.7
-163297.8
 44
 44
 34.32
 45
-507814.1
-163217
 44
 44
 34.32
 0
-507363.3
-164007.2
 44
 44
 52.8
 45
-508038.2
-163286.5
 44
 44
 34.32
 0
-507336.9
-165120.2
 44
 44
 52.8
 0
-508189.3
-163770.8
 44
 44
 52.8
 45
-508452.5
-162584.2
 44
 44
 34.32
 45
-508731.4
-165476.3
 44
 44
 34.32
 0
-504891.6
-160217.9
 44
 44
 52.8
 0
-507904
-161962.4
 44
 44
 52.8
 0
-506146.2
-158957.7
 44
 44
 52.8
-45
-506176.2
-159853.2
 44
 44
 52.8
-45
-504702.2
-162057.1
 44
 44
 52.8
-45
-505367.5
-162285.5
 44
 44
 52.8
 0
-507124.1
-161659.5
 44
 44
 52.8
 0
-506993.3
-158809.4
 44
 44
 34.32
 0
-506393.8
-159551.8
 44
 44
 52.8
 0
-505052
-162224.8
 44
 44
 52.8
 0
-505782.3
-160530.3
 44
 44
 52.8
 0
-505314.8
-161767.7
 44
 44
 52.8
 0
-505529.1
-160860.5
 44
 44
 52.8
 0
-505248.8
-161285.9
 44
 44
 34.32
 0
-506910
-158970.5
 44
 44
 52.8
 0
-507833.7
-159789.4
 44
 44
 52.8
-45
-505254.8
-160758
 44
 44
 52.8
 0
-505630.3
-160154.4
 44
 44
 52.8
 0
-506950.2
-158959.5
 44
 44
 52.8
 0
-505213.7
-160508.7
 44
 44
 52.8
-45
-505764.4
-159268.8
 44
 44
 34.32
 0
-506926.8
-159398.4
 44
 44
 52.8
 0
-505597.8
-161638.5
 44
 44
 52.8
 0
-505099
-160093.7
 44
 44
 52.8
-45
-505259.6
-159060.2
 44
 44
 34.32
 0
-507377.8
-158989
 44
 44
 52.8
 0
-506898
-161579.5
 44
 42.66666
 51.2
 45
-505799.3
-159891
 44
 44
 34.32
 0
-506722.5
-161762.2
 44
 44
 52.8
-45
-506714.6
-158975.3
 44
 44
 34.32
 0
-507578.6
-161038.7
 44
 44
 52.8
 0
-506082.8
-159150.8
 44
 44
 52.8
 0
-505603.8
-161168
 44
 44
 34.32
 0
-505291.2
-161280.8
 44
 42.66666
 51.2
 45
-505870.8
-161867
 44
 44
 34.32
 0
-504818
-161813
 44
 44
 52.8
 0
-506544.7
-161455.4
 44
 44
 52.8
 0
-505761.7
-160197.3
 44
 44
 52.8
 0
-504917.1
-162113.8
 44
 42.66666
 51.2
-45
-507242.9
-161730.5
 44
 44
 52.8
 0
-506184.4
-162019.9
 44
 44
 34.32
 45
-506275.3
-162468.8
 44
 44
 34.32
 0
-506894.2
-160058.8
 44
 42.66666
 33.28
-45
-506960.4
-161016.1
 44
 42.66666
 33.28
 45
-504579.1
-161562
 44
 44
 52.8
 0
-505684.9
-161655.9
 44
 44
 52.8
-45
-504957.6
-159461.9
 44
 44
 52.8
 0
-506878.9
-159994.8
 44
 44
 52.8
 45
-506736.1
-161102.7
 44
 44
 52.8
-45
-504919.6
-161071.1
 44
 44
 34.32
 0
-507938.5
-161533.4
 44
 42.66666
 33.28
 45
-508181.3
-162071.1
 44
 42.66666
 33.28
 45
-507769.9
-162284
 44
 42.66666
 51.2
-45
-505299.6
-160202.8
 44
 44
 34.32
 0
-507894.3
-160869.5
 44
 44
 52.8
 0
-504954.2
-162225.6
 44
 44
 52.8
 45
-506504.2
-160633.4
 44
 44
 34.32
 0
-504783.9
-160967.2
 44
 44
 34.32
 45
-505097.6
-160685.8
 44
 44
 52.8
 0
-507248.5
-161078.5
 44
 44
 34.32
 0
-507538.6
-161053.3
 44
 44
 52.8
-45
-504550.8
-161091
 44
 44
 52.8
-45
-505911.8
-161896.8
 44
 44
 52.8
 0
-504824.3
-159467.3
 44
 44
 52.8
-45
-504515.2
-161434
 44
 44
 52.8
-45
-507548.5
-162321
 44
 44
 52.8
 0
-507875.3
-162257.8
 44
 44
 34.32
-45
-508266.7
-161457.8
 44
 42.66666
 51.2
-45
-508222.1
-158933.2
 44
 44
 52.8
 0
-504779.1
-162636.7
 44
 44
 52.8
 0
-505713.1
-162718.8
 44
 44
 52.8
 0
-508604.6
-160437.4
 44
 44
 34.32
 0
-508575
-160431.6
 44
 44
 52.8
 0
-508620.6
-160428.8
 44
 44
 34.32
-45
-508573.3
-162068.1
 44
 44
 52.8
 0
-508636.2
-161638.5
 44
 44
 52.8
 45
-508771.1
-161413
 44
 44
 34.32
-45
-508835.9
-161434.1
 44
 44
 52.8
 0
-508977.7
-159847.7
 44
 44
 52.8
 0
-508955.7
-161703.4
 44
 44
 52.8
 0
-508943.2
-159622.7
 44
 42.66666
 33.28
-45
-505821.2
-162924.7
 44
 42.66666
 33.28
-45
-505712.5
-163028.3
 44
 44
 34.32
-45
-509315
-159774.7
 44
 44
 52.8
 0
-510589.7
-161171.2
 44
 44
 52.8
-45
-510523.5
-160457.4
 44
 44
 52.8
 45
-510707.1
-161031.4
 44
 44
 52.8
 0
-510598.6
-161049.1
 44
 44
 52.8
 0
-510826.9
-160816.6
 44
 44
 52.8
 0
-510905.9
-160571.5
 44
 44
 52.8
 0
-510993.4
-160211.5
 44
 44
 34.32
 0
-510973.5
-160149.3
 44
 44
 52.8
 0
-510989.3
-160147.9
 44
 44
 52.8
 0
-511532.3
-160626
 44
 44
 52.8
-45
-512355.6
-160960.9
 44
 44
 34.32
 45
-512427.7
-160936.4
 44
 44
 34.32
 45
-512697
-160983
 44
 44
 34.32
 0
-512710.5
-161075.7
 44
 44
 34.32
 0
-512824.5
-161308.8
 44
 44
 52.8
-45
-512834
-161265.6
 44
 44
 34.32
 45
-513174.2
-161916.8
 44
 44
 52.8
 0
-513197.6
-162036.3
 44
 44
 34.32
-45
-512910.5
-161048.6
 44
 44
 52.8
-45
-512891.2
-160991.4
 44
 44
 52.8
 0
-512490.6
-160821.4
 44
 44
 34.32
 0
-514007.8
-160003.1
 44
 44
 52.8
 45
-514783.8
-159931.7
 44
 44
 52.8
-45
-514547.7
-159784.5
 44
 44
 34.32
 0
-511614.3
-159839.8
 44
 44
 34.32
 0
-511078.6
-159757.4
 44
 44
 52.8
 0
-511887.5
-159368.5
 44
 44
 52.8
 0
-511094.7
-159305.7
 44
 42.66666
 51.2
 45
-512138.1
-159223.5
 44
 44
 52.8
-45
-510843.6
-159236.9
 44
 44
 52.8
-45
-510858.7
-159268.4
 44
 42.66666
 33.28
 45
-511573.6
-158725.1
 44
 44
 52.8
 0
-510557.7
-158964.4
 44
 42.66666
 33.28
-45
-510549.4
-159260.2
 44
 44
 52.8
 0
-510549.1
-159249.8
 44
 44
 52.8
 0
-513347.7
-158094.4
 44
 44
 34.32
-45
-510301.8
-159231.8
 44
 42.66666
 33.28
-45
-509497.3
-159391.2
 44
 44
 52.8
 0
-509550.3
-159108
 44
 44
 52.8
 0
-508894.2
-158704.1
 44
 44
 52.8
 0
-507827.5
-158517
 44
 44
 34.32
 45
-507208.4
-158540.8
 44
 44
 34.32
-45
-507176.9
-158534.2
 44
 44
 52.8
 45
-506877.5
-158770.7
 44
 44
 52.8
-45
-506730.8
-157990.2
 44
 44
 34.32
-45
-506826.3
-158237.1
 44
 44
 52.8
-45
-506667.2
-158140
 44
 44
 52.8
 45
-506257.6
-158722
 44
 42.66666
 33.28
-45
-505927.1
-158134.7
 44
 44
 34.32
 0
-505660.3
-158487.1
 44
 44
 52.8
 45
-505539.6
-158287
 44
 44
 34.32
-45
-505155.5
-158753.4
 44
 42.66666
 51.2
-45
-505076.5
-158522.6
 44
 44
 34.32
 45
-504218.5
-160019.6
 44
 44
 52.8
 0
-504092.3
-159010.9
 44
 44
 34.32
 0
-504125.4
-159005.8
 44
 44
 52.8
 0
-504034
-158955.7
 44
 44
 34.32
 45
-503763.7
-158581.1
 44
 44
 52.8
-45
-503729.4
-159005.5
 44
 44
 52.8
 0
-503467.8
-159502.5
 44
 44
 52.8
 0
-503502.3
-160034.9
 44
 44
 34.32
-45
-503443.1
-160000.2
 44
 44
 52.8
-45
-503527.6
-158146
 44
 44
 34.32
 45
-503469.6
-158279.2
 44
 44
 52.8
 0
-503404.2
-158738.4
 44
 44
 34.32
-45
-503285.4
-158914.2
 44
 44
 52.8
 0
-503311.5
-158912.7
 44
 44
 52.8
 0
-503295.9
-158878
 44
 42.66666
 51.2
 45
-503239.6
-160236.5
 44
 44
 34.32
 45
-504005.2
-160455.9
 44
 44
 52.8
 0
-504239.7
-160991.6
 44
 44
 52.8
 0
-503470
-161071.5
 44
 44
 34.32
-45
-503593.1
-162602.5
 44
 42.66666
 51.2
-45
-504581.1
-162695
 44
 44
 52.8
-45
-504159.9
-163111.3
 44
 44
 52.8
 0
-505156.3
-163322.5
 44
 44
 52.8
 0
-504922.8
-163837
 44
 44
 34.32
 0
-504787.9
-164019.7
 44
 44
 34.32
 0
-505072.8
-165289.9
 44
 44
 34.32
 45
-505230.7
-163759
 44
 44
 34.32
 0
-505346.6
-162974.9
 44
 44
 34.32
 0
-505297.3
-162992.5
 44
 44
 52.8
 0
-505539.6
-165461.3
 44
 44
 52.8
 0
-505864.1
-163594
 44
 44
 52.8
-45
-505855.8
-164785.3
 44
 44
 52.8
 45
-505841.1
-163511.9
 44
 44
 34.32
 0
-506167.5
-163358.4
 44
 44
 34.32
 45
