 518020.4
-382109.7
 44
 44
 77.22
 0
 517942.4
-382099
 44
 44
 118.8
-45
 518053.6
-381914.9
 44
 44
 118.8
-45
 518050.4
-381783
 44
 44
 77.22
-45
 518020.5
-382067.9
 44
 44
 118.8
 0
 520942.4
-381507.2
 44
 43.59465
 117.7056
 0
 519110.4
-380307.8
 44
 44
 77.22
 0
 518062.4
-379696.2
 44
 44
 118.8
 0
 520073.3
-378816.7
 44
 44
 77.22
 0
 520724.3
-379137.8
 44
 44
 118.8
 0
 519277.1
-380701.2
 44
 44
 118.8
-45
 521442.2
-380296.9
 44
 44
 77.22
 0
 521315
-381476.9
 44
 44
 118.8
 45
 521475.8
-381216.5
 44
 44
 118.8
 0
 519250.7
-378562.6
 44
 44
 118.8
 0
 521185.3
-382677
 44
 44
 118.8
 0
 521263.9
-382653.3
 44
 44
 77.22
-45
 521284.6
-382759.1
 44
 44
 118.8
-45
 517644.4
-382608.3
 44
 44
 118.8
 0
 521102.3
-382922.1
 44
 44
 118.8
 0
 519217.1
-382960
 44
 44
 118.8
 45
 517805.6
-383233.4
 44
 44
 118.8
 0
 518830.8
-383246.6
 44
 44
 118.8
 0
 517719
-383171.7
 44
 44
 118.8
-45
 517692.6
-383207.5
 44
 44
 77.22
 45
 518836.9
-383288.3
 44
 44
 77.22
 45
 517790.4
-383238.9
 44
 44
 118.8
 0
 517695.9
-383237.6
 44
 44
 118.8
 0
 518834.6
-383304.5
 44
 44
 118.8
 0
 520905.6
-383401.6
 44
 44
 118.8
-45
 515402.7
-380715.7
 44
 44
 118.8
 0
 514588.9
-382856.4
 44
 44
 118.8
 0
 514272.8
-381048.9
 44
 44
 77.22
 0
 514109
-382767.8
 44
 44
 118.8
-45
 516008.8
-380582.4
 44
 40.68834
 109.8585
 45
 513258.5
-383440.5
 44
 44
 118.8
-45
 513352.1
-382181.3
 44
 44
 77.22
 45
 513226.5
-383305.7
 44
 44
 77.22
 0
 513197.7
-383296.9
 44
 44
 118.8
 0
 513113.5
-383561.8
 44
 44
 77.22
-45
 513212.3
-383688.3
 44
 44
 118.8
 0
 513343.3
-380600.4
 44
 44
 77.22
 45
 513247.3
-383392
 44
 44
 77.22
 0
 512749.4
-383533.3
 44
 44
 118.8
 45
 512451.5
-383703.1
 44
 44
 118.8
 0
 512128.1
-380688.4
 44
 44
 118.8
 0
 511967.8
-383472.8
 44
 44
 118.8
 0
 512116.9
-380706.8
 44
 44
 77.22
 0
 512081.8
-380689.1
 44
 44
 118.8
 0
 512083.6
-380665.6
 44
 44
 77.22
 0
 512093.9
-380635.3
 44
 44
 118.8
 45
 513291.9
-380294.8
 44
 44
 118.8
 0
 513242.8
-379703.2
 44
 44
 118.8
 0
 513292.5
-379677.2
 44
 44
 118.8
 0
 512462.7
-378875.6
 44
 40.68834
 109.8585
-45
 513496.4
-378226.8
 44
 44
 118.8
 0
 514762.4
-377293.7
 44
 44
 77.22
 0
 515633.6
-378259.1
 44
 40.68834
 109.8585
 45
 516163.4
-378781.4
 44
 44
 118.8
 0
 516457.3
-376715.4
 44
 44
 118.8
 45
 516596
-376413.7
 44
 44
 77.22
-45
 517092.3
-377947.6
 44
 44
 118.8
 0
 518256.8
-378248.4
 44
 44
 118.8
-45
 518293.9
-378112.7
 44
 44
 77.22
 0
 518606.6
-377595.1
 44
 44
 77.22
 45
 519747.3
-377309.6
 44
 44
 118.8
 45
 519858.6
-377944.1
 44
 43.59465
 76.50861
 0
 520075
-378394.4
 44
 44
 77.22
-45
 520163.7
-377952.7
 44
 43.59465
 76.50861
 0
 523271.8
-378244.6
 44
 44
 77.22
 0
 523514.1
-378297
 44
 44
 77.22
 0
 523772.4
-378291.7
 44
 44
 118.8
 45
 523795.1
-378303.4
 44
 44
 118.8
 45
 524304.6
-378588.2
 44
 44
 118.8
 0
 524456.3
-378852.2
 44
 44
 118.8
 45
 523902.5
-379953.9
 44
 44
 77.22
 0
 523061.7
-380207.8
 44
 44
 118.8
-45
 524102
-380275.3
 44
 40.68834
 109.8585
 45
 523056.3
-380315.7
 44
 44
 118.8
-45
 515995.6
-380576.9
 44
 44
 118.8
-45
 516008.3
-380388.4
 44
 44
 77.22
-45
 515979.6
-380546.3
 44
 44
 77.22
-45
 515536.4
-380177.2
 44
 44
 118.8
 0
 514807.8
-380563.5
 44
 44
 77.22
 0
 514726.7
-379552.8
 44
 44
 118.8
-45
 514740
-380472
 44
 44
 118.8
-45
 524428
-381713.3
 44
 44
 118.8
 45
 524399.4
-382367.8
 44
 43.59465
 76.50861
 0
 522845.8
-382642.3
 44
 44
 118.8
 0
 522664
-382876.9
 44
 44
 118.8
 0
 522663.1
-382792
 44
 44
 77.22
 0
 523027.3
-382909.8
 44
 44
 77.22
 0
 524107.2
-383361.8
 44
 44
 118.8
 45
 524148
-383399.3
 44
 44
 118.8
 45
 523766.6
-383637.7
 44
 44
 118.8
 0
 521886.9
-382223.8
 44
 44
 118.8
 0
 521883.8
-382199.6
 44
 44
 118.8
 0
 521882.3
-382210.7
 44
 44
 118.8
 0
