 26978.15
-453291.2
 44
 44
 231.66
 0
 26502.28
-453267.7
 44
 44
 356.4
 0
 26659.72
-453205.4
 44
 44
 231.66
-45
 26525.7
-454847.1
 44
 44
 356.4
 0
 26013.84
-453512
 44
 44
 356.4
 45
 26020.72
-453289.2
 44
 44
 231.66
 45
 25905.24
-453660.2
 44
 44
 231.66
 0
 25620.69
-452292.4
 44
 44
 231.66
-45
 25619.05
-452078.5
 44
 44
 356.4
 0
 25640.87
-452093.1
 44
 44
 356.4
 0
 25645.26
-452106.4
 44
 44
 356.4
 45
 25608.53
-453246
 44
 44
 231.66
 0
 25275.4
-453898.1
 44
 44
 356.4
-45
 25252.87
-454026.1
 44
 44
 231.66
 45
 25195.88
-455235.1
 44
 44
 231.66
 45
 25179.58
-455492.7
 44
 44
 356.4
-45
 25072.75
-454942.2
 44
 44
 356.4
 0
 24995.07
-454736.1
 44
 44
 356.4
 0
 25042.59
-454768.9
 44
 44
 231.66
-45
 24826.96
-455088.7
 44
 44
 231.66
 0
 24180.41
-455521.5
 44
 44
 231.66
-45
 26274.12
-451838
 44
 44
 356.4
-45
 25719.16
-451859.9
 44
 44
 356.4
 0
 25720.18
-451704.8
 44
 44
 356.4
 0
 26057.14
-451730.8
 44
 44
 356.4
 0
 25969.42
-451710
 44
 44
 356.4
 0
 25747.93
-451503.8
 44
 44
 356.4
-45
 25893.77
-451467.1
 44
 44
 356.4
-45
 25843.77
-450270.9
 44
 44
 356.4
 0
 25417.95
-449801.8
 44
 44
 231.66
 45
 24403.74
-448925
 44
 44
 356.4
-45
 24404.56
-448841.1
 44
 44
 356.4
 0
 27300.4
-449807.2
 44
 44
 356.4
-45
 28284.05
-447843.6
 44
 44
 356.4
 0
 28567.07
-449584.6
 44
 44
 356.4
-45
 28606.57
-447555.2
 44
 44
 356.4
 45
 28589.84
-447672.9
 44
 44
 356.4
-45
 28624.89
-447372.6
 44
 44
 231.66
 0
 28802.96
-449258.6
 44
 44
 356.4
-45
 28884.23
-448977.3
 44
 44
 356.4
 45
 28955.8
-449567.1
 44
 44
 231.66
 45
 29091.33
-447988.1
 44
 44
 356.4
 45
 29169.62
-449483.2
 44
 44
 231.66
-45
 29329.18
-449590
 44
 44
 356.4
-45
 29505.36
-448863.4
 44
 44
 231.66
-45
 29494.38
-448991.3
 44
 44
 356.4
 0
 29497.33
-448911.2
 44
 44
 231.66
 0
 29714.07
-449618.2
 44
 44
 356.4
 45
 29760.6
-448701
 44
 44
 356.4
 45
 29789.39
-448844.8
 44
 44
 231.66
-45
 30131.05
-449067.6
 44
 44
 231.66
 0
 30278.41
-448164.7
 44
 44
 356.4
 0
 30422.11
-449442.9
 44
 44
 356.4
 45
 30542.64
-449240.7
 44
 44
 231.66
-45
 30626.14
-449496.7
 44
 44
 231.66
 0
 30634.77
-447664.5
 44
 44
 356.4
 0
 30556.79
-449411.3
 44
 44
 356.4
 0
 30799.91
-447375
 44
 44
 356.4
 0
 30738.57
-449071.8
 44
 44
 231.66
 0
 30876.86
-448933.7
 44
 44
 356.4
 0
 30890.02
-448939.3
 44
 44
 356.4
 0
 31040.85
-449112.3
 44
 44
 356.4
 45
 31105.67
-449005.8
 44
 44
 231.66
 45
 29970.85
-449749.7
 44
 44
 231.66
 0
 29719.55
-449767.7
 44
 44
 356.4
 0
 31290.72
-449956.8
 44
 44
 356.4
 45
 32261.54
-450205.7
 44
 44
 356.4
-45
 29844.47
-450367.6
 44
 44
 356.4
-45
 30237.53
-450387.1
 44
 44
 356.4
 0
 29864.8
-450421.1
 44
 44
 231.66
 45
 32319.52
-450272.1
 44
 44
 356.4
 0
 29977.93
-450827.9
 44
 44
 231.66
 45
 30204.42
-451063
 44
 44
 231.66
 0
 30205.4
-451030.3
 44
 44
 356.4
 0
 30325.6
-451634.1
 44
 44
 356.4
 45
 30330.85
-451927.8
 44
 44
 356.4
 0
 30338.76
-451939.1
 44
 44
 356.4
 0
 30644.54
-452306.1
 44
 44
 356.4
 0
 30564.22
-452356.6
 44
 44
 356.4
-45
 29982.49
-452823.8
 44
 44
 356.4
-45
 29918.15
-452887.5
 44
 44
 356.4
 45
 29799.89
-453096.6
 44
 44
 356.4
 0
 30703.09
-453259.3
 44
 44
 356.4
 0
 30480.08
-453692.2
 44
 44
 356.4
 0
 29717.53
-453974.4
 44
 44
 356.4
-45
 30228.92
-454158.1
 44
 44
 356.4
 45
 30158.45
-454118.1
 44
 44
 356.4
 0
 29853.76
-454149.3
 44
 44
 356.4
 0
 29801.02
-454091
 44
 44
 356.4
 0
 30720.35
-454163.4
 44
 44
 356.4
 0
 30161.79
-454130.6
 44
 44
 231.66
 0
 31219.93
-454328.2
 44
 44
 356.4
 0
 30847.75
-454347.7
 44
 44
 231.66
-45
 31107.66
-454424.6
 44
 44
 231.66
 0
 31284.85
-454331.6
 44
 44
 356.4
-45
 31149.92
-454557.2
 44
 44
 356.4
-45
 29782.64
-454572.4
 44
 44
 356.4
 0
 30326.86
-454699.7
 44
 44
 356.4
 0
 30185.35
-454684.6
 44
 44
 356.4
 0
 31217.38
-454861.5
 44
 44
 356.4
 0
 31387.83
-455082.3
 44
 44
 356.4
 0
 31446.87
-455334.8
 44
 44
 356.4
 0
 30308.39
-455430.8
 44
 44
 356.4
-45
 31756.08
-455505.1
 44
 44
 356.4
 0
 32023.04
-455639.6
 44
 44
 231.66
 45
 32347.4
-455806.2
 44
 44
 356.4
 0
 31940.63
-455670.5
 44
 44
 231.66
-45
 31452.74
-455749.3
 44
 44
 356.4
-45
 31568.98
-455872.7
 44
 44
 356.4
 45
 31280.73
-455915.3
 44
 44
 231.66
-45
 31468.1
-455909.4
 44
 44
 231.66
-45
 29639.62
-454172.1
 44
 44
 356.4
 0
 29489.21
-453952.5
 44
 44
 356.4
 0
 29336.68
-453617
 44
 44
 356.4
 0
 29083.55
-453348.4
 44
 44
 231.66
 0
 29140.19
-454890.7
 44
 44
 356.4
 45
 29015.25
-454017.6
 44
 44
 356.4
 0
 28739.25
-454083.3
 44
 44
 231.66
 0
 28766.46
-454751.6
 44
 44
 356.4
-45
 28709.1
-454326.3
 44
 44
 356.4
 0
 28641.55
-455464.4
 44
 44
 356.4
 45
 28573.3
-454680.2
 44
 44
 356.4
 0
 28534.97
-454757.6
 44
 44
 356.4
-45
 28533.97
-453393.8
 44
 44
 356.4
 0
 28518.38
-453948
 44
 44
 356.4
 0
 28438.63
-454284.3
 44
 44
 356.4
 0
 28241.02
-455351.4
 44
 44
 356.4
 0
 28010.9
-453863.8
 44
 44
 356.4
 45
 27954.96
-453610
 44
 44
 231.66
-45
 28810.89
-452851.8
 44
 44
 356.4
 0
 27440.07
-453000.2
 44
 44
 356.4
-45
 27376.68
-453797.7
 44
 44
 231.66
 0
 27379.05
-452654.2
 44
 44
 356.4
 0
 27459.85
-452428.2
 44
 44
 356.4
 0
 28285.03
-452332.8
 44
 44
 356.4
 45
 28315.96
-452200.7
 44
 44
 356.4
 0
 27688.5
-452129.8
 44
 44
 231.66
-45
 27922.74
-451959.6
 44
 44
 231.66
 0
 27681.74
-451961.1
 44
 44
 231.66
-45
 27972.6
-452003.6
 44
 44
 231.66
-45
 28501.02
-451934.8
 44
 44
 231.66
-45
 28832.59
-451736.4
 44
 44
 356.4
-45
 28779.02
-451303.3
 44
 44
 231.66
-45
 28811.28
-451387.9
 44
 44
 356.4
 45
 28775.06
-450903.5
 44
 44
 356.4
 0
 27909.69
-450744
 44
 44
 231.66
-45
 28717.59
-450638.2
 44
 44
 231.66
 0
 29213.21
-450640.5
 44
 44
 356.4
 45
 29128.6
-451321.3
 44
 44
 356.4
 0
 29213.16
-450753.3
 44
 44
 356.4
 0
 29220.77
-450199.6
 44
 44
 231.66
-45
 29341.73
-450283.3
 44
 44
 356.4
 45
 29398.8
-450360.3
 44
 44
 231.66
 45
 29581.59
-449859.6
 44
 44
 356.4
 45
