 446280.3
 215911.2
 44
 41.48148
 49.77778
-45
 446340.1
 215983.2
 44
 44
 52.8
 45
 446340.8
 217745.4
 44
 44
 34.32
 0
 446831.7
 216447.8
 40.6639
 41.48148
 48.79668
-45
 446868.2
 216462.2
 43.56847
 44
 52.28216
 0
 447409.2
 217734.8
 44
 44
 52.8
 0
 447758.4
 218740.6
 44
 44
 34.32
 0
 447907.3
 220280.3
 44
 44
 52.8
 0
 449388.8
 220197.5
 44
 44
 52.8
-45
 449420.5
 220279.6
 44
 44
 52.8
 0
 450215.5
 217479.2
 44
 44
 34.32
-45
 450162.7
 217303.8
 44
 44
 52.8
 0
 450351.7
 217871.7
 44
 44
 34.32
-45
 450385.5
 217694.2
 44
 44
 52.8
 0
 450361.3
 217705.2
 44
 44
 52.8
 0
 450373.1
 217694.3
 44
 44
 52.8
-45
 450383
 217638.2
 44
 44
 52.8
-45
 450220.2
 217342.1
 44
 44
 34.32
 45
 450639.3
 218019.6
 44
 44
 34.32
 0
 450222
 217025.3
 44
 44
 52.8
 0
 452728.5
 216834.2
 44
 44
 52.8
-45
 450463
 216570.8
 44
 41.48148
 32.35556
-45
 450332.6
 216098.2
 44
 44
 34.32
 0
 451030.1
 215587.1
 44
 41.48148
 32.35556
-45
 451143.2
 215300.6
 44
 44
 52.8
 0
 450898.9
 214549.7
 44
 44
 52.8
-45
 451249.7
 214230.3
 44
 44
 52.8
 45
 451242.1
 214278.3
 44
 44
 34.32
 0
 450844.8
 213996.9
 44
 44
 52.8
 0
 450764.9
 214006.7
 44
 44
 52.8
 45
 450803.3
 213976.1
 44
 44
 52.8
 0
 450218.1
 216444.2
 44
 44
 34.32
-45
 450954.3
 213635.6
 44
 44
 52.8
 0
 450115.3
 214732.8
 44
 44
 52.8
-45
 449927
 214953.4
 44
 44
 52.8
 0
 449108.4
 215460.2
 44
 41.48148
 32.35556
 45
 447185.1
 215520.4
 44
 44
 34.32
 45
 449824.2
 217015.8
 44
 41.48148
 49.77778
 45
 450002.3
 217173.8
 44
 44
 52.8
 45
