-4610.891
-303.6781
 44
 44
 57.2
 0
-4339.356
-1326.032
 44
 44
 88
 0
-4355.882
-1179.605
 44
 44
 88
-45
-4116.232
-662.7188
 44
 44
 88
 45
-4586.08
 310.7594
 44
 44
 88
-45
-3902.206
-1427.622
 44
 44
 57.2
 45
-3774.424
-1341.585
 44
 44
 88
-45
-4633.625
 435.0648
 44
 44
 57.2
-45
-4668.427
 446.9594
 44
 44
 88
 0
-3086.847
-836.9086
 44
 44
 88
 0
-3193.072
-544.4008
 44
 44
 88
 0
-2962.844
-360.5812
 44
 44
 88
-45
-2864.759
-969.9445
 44
 44
 57.2
 0
-2865.655
-1073.248
 44
 44
 88
 0
-2687.157
-1022.737
 44
 44
 57.2
-45
-2493.712
 318.3398
 44
 44
 88
 45
-2479.41
 552.0902
 44
 44
 88
 0
-1441.554
-76.34023
 44
 44
 88
-45
-1196.388
-1253.908
 44
 44
 57.2
 0
-3519.312
 886.2103
 44
 44
 57.2
 0
-426.0186
-24.66953
 44
 44
 88
 45
-3494.215
 905.8571
 44
 44
 88
 0
-3506.164
 913.9543
 44
 44
 88
 0
-3517.176
 915.8231
 44
 44
 88
 0
-3550.056
 920.4469
 44
 44
 57.2
 0
 275.7183
-1442.21
 44
 44
 88
 0
 187.081
 975.5106
 44
 44
 88
 0
 332.3326
-1273.246
 44
 44
 57.2
 0
 562.4718
-450.7449
 44
 44
 88
 45
 680.5404
 458.4398
 44
 44
 88
 0
 709.9485
 328.8219
 44
 44
 57.2
 45
-1741.395
 1055.825
 44
 44
 88
-45
 416.5829
 1058.027
 44
 44
 88
 45
-1664.974
 1132.144
 44
 41.78125
 54.31562
 45
 946.611
-985.1617
 44
 44
 88
 0
 1041.602
-582.4496
 44
 44
 88
 0
 1029.657
-1052.581
 44
 44
 88
 0
-1751.459
 1089.711
 44
 44
 88
-45
 1169.813
-1018.362
 44
 44
 88
 0
 1223.832
 1016.631
 44
 41.78125
 83.5625
-45
 1359.898
 170.1164
 44
 44
 88
 0
-1401.169
 1198.666
 44
 44
 88
-45
 1783.603
 1157.819
 44
 44
 57.2
 0
 2491.446
 1131.518
 44
 44
 88
 0
 2563.661
 221.4063
 44
 44
 88
 0
 2838.918
 1316.343
 44
 41.78125
 54.31562
-45
 1572.202
 1504.402
 44
 41.78125
 54.31562
-45
 3476.15
 1308.27
 44
 44
 88
 45
 3361.219
 1699.088
 44
 44
 88
 0
 4337.125
 1776.404
 44
 44
 88
 0
 3904.632
 2292.624
 44
 44
 57.2
 0
 2300.288
 2376.085
 44
 44
 88
 45
 2966.315
 2918.391
 44
 44
 57.2
 0
 2958.334
 2968.209
 44
 44
 88
 0
 695.6533
 1836.091
 44
 44
 57.2
-45
 3722.575
 3156.654
 44
 44
 88
 0
 3999.654
 3249.163
 44
 44
 88
 0
-179.6301
 1535.456
 44
 44
 88
 0
-175.559
 1489.815
 44
 44
 88
 0
-2099.693
 1865.527
 44
 44
 57.2
 0
-2170.54
 1868.031
 44
 44
 88
 0
-2876.941
 1240.56
 44
 44
 88
 0
-2856.532
 1106.668
 44
 41.78125
 83.5625
 45
-2946.374
 1319.315
 44
 44
 88
-45
-3925.11
 2348.484
 44
 44
 88
 45
-3952.435
 2337.056
 44
 44
 57.2
 0
-4045.023
 2319.878
 44
 44
 57.2
-45
-4466.094
 2963.35
 44
 44
 88
 0
-4426.962
 3033.847
 44
 44
 88
 0
-4567.836
 1974.007
 44
 44
 88
-45
-4700.394
 2699.257
 44
 44
 88
-45
-5243.554
 1161.362
 44
 44
 88
 45
-5442.223
 1747.609
 44
 44
 88
 45
-5416.959
 1294.584
 44
 44
 57.2
 0
-5391.153
 1350.287
 44
 44
 88
-45
-5783.023
 2627.848
 44
 44
 88
 0
-5807.082
 2647.988
 44
 44
 88
 0
-5756.483
 2504.042
 44
 44
 88
 45
-5800.405
 2315.749
 44
 44
 88
 0
-6855.458
 3336.948
 44
 44
 88
 0
-6899.524
 3382.971
 44
 44
 88
 0
finlist
 0
 1
 1
 1
 0
 1
 1
 1
 0
 1
 1
 1
 0
 1
 1
 1
 0
 1
 1
 1
 0
 1
 1
 1
 0
 1
 1
 1
 0
 1
 1
 1
 0
 1
 1
 1
 0
 1
 1
 1
 0
 1
 1
 1
 0
 1
 1
 1
 0
 1
 1
 1
 0
 1
 1
 1
 0
 1
 1
 1
 0
 1
 1
 1
 0
 1
 1
 1
 0
 1
 1
 1
 0
 1
 1
 1
 0
 1
 1
 1
 0
 1
 1
 1
 0
 1
 1
 1
 0
 1
 1
 1
 0
 1
 1
 1
 0
 1
 1
 1
 0
 1
 1
 1
 0
 1
 1
 1
 0
 1
 1
 1
 0
 1
 1
 1
 0
 1
 1
 1
 0
 1
 1
 1
 0
 1
 1
 1
 0
 1
 1
 1
 0
 1
 1
 1
 0
 1
 1
 1
 0
 1
 1
 1
 0
 1
 1
 1
 0
 1
 1
 1
 0
 1
 1
 1
 0
 1
 1
 1
 0
 1
 1
 1
 0
 1
 1
 1
 0
 1
 1
 1
 0
 1
 1
 1
 0
 1
 1
 1
 0
 1
 1
 1
 0
 1
 1
 1
 0
 1
 1
 1
 0
 1
 1
 1
 0
 1
 1
 1
 0
 1
 1
 1
 0
 1
 1
 1
 0
 1
 1
 1
 0
 1
 1
 1
 0
 1
 1
 1
 0
 1
 1
 1
 0
 1
 1
 1
 0
 1
 1
 1
 0
 1
 1
 1
 0
 1
 1
 1
 0
 1
 1
 1
 0
 1
 1
 1
 0
 1
 1
 1
 0
 1
 1
 1
 0
 1
 1
 1
 0
 1
 1
 1
 0
 1
 1
 1
 0
 1
 1
 1
 0
 1
 1
 1
 0
 1
 1
 1
 0
 1
 1
 1
 0
 1
 1
 1
 0
 1
 1
 1
 0
 1
 1
 1
 0
 1
 1
 1
 0
 1
 1
 1
 0
 1
 1
 1
 0
 1
 1
 1
 0
 1
 1
 1
 0
 1
 1
 1
 0
 1
 1
 1
