 569376.3
-547898.6
 44
 44
 57.2
 0
 569438.1
-546405.5
 44
 42.1875
 54.84375
 0
 569681
-546766.4
 44
 44
 57.2
 0
 569747.6
-546797.7
 44
 44
 88
 45
 569768.7
-546790.4
 44
 44
 57.2
 45
 570131.4
-546997.6
 44
 44
 88
 0
 570573.6
-547223.8
 44
 44
 88
 45
 570625.1
-547175.9
 44
 44
 57.2
 0
 570594.8
-547205.8
 44
 44
 57.2
 45
 569693.1
-545826.9
 44
 44
 57.2
-45
 571171.3
-546264.3
 44
 44
 88
 0
 571167.8
-546277.8
 44
 44
 57.2
 0
 571145.9
-546285
 44
 44
 88
 0
 567685.3
-545782.8
 44
 39.375
 78.75
-45
 568401.1
-545517
 44
 44
 88
 0
 569152.5
-545479
 44
 44
 88
 45
 569130.4
-545413.3
 44
 44
 88
 45
 569945.9
-545384.4
 44
 44
 88
-45
 572623.3
-546249.5
 44
 44
 88
-45
 571180.7
-545269.3
 44
 39.375
 51.1875
 45
 571199.2
-545262.4
 44
 39.375
 78.75
 45
 573058
-545239
 44
 44
 88
-45
 570727.2
-544904.3
 44
 39.375
 78.75
 45
 574265
-545684.6
 44
 44
 88
 0
 572129.6
-544149.4
 44
 44
 88
 0
 575217.1
-544071.1
 44
 44
 88
 0
 575142.1
-543968.9
 44
 44
 88
 45
 575166.1
-543871.2
 44
 44
 88
-45
 572997.6
-543869.9
 44
 44
 88
-45
 573009.9
-543915.6
 44
 44
 57.2
 0
 572387.6
-543882.9
 44
 44
 88
 45
 572356.9
-543876.1
 44
 44
 57.2
 45
 575745.9
-544149.4
 44
 44
 88
 0
 573804.6
-543670.4
 44
 44
 88
 0
 574552.6
-543430.4
 44
 44
 57.2
-45
 576709.6
-543200
 44
 44
 88
-45
 576733.1
-543174.4
 44
 44
 88
-45
 577036.3
-544271.3
 44
 39.375
 78.75
-45
 575932.3
-542795.9
 44
 44
 88
 0
 573658.6
-542911.5
 44
 44
 88
-45
 577691.9
-543062.9
 44
 44
 88
 0
 577690.5
-543077
 44
 44
 57.2
-45
 576244.4
-542635.4
 44
 44
 88
 45
 576618.3
-542413.9
 44
 44
 88
 0
 577499.4
-542248
 44
 44
 88
 45
 577887.3
-542342.3
 44
 44
 88
 45
 571081.8
-542627.1
 44
 44
 88
-45
 570953.2
-543549.1
 44
 39.375
 51.1875
-45
 570864.9
-542824.4
 44
 44
 88
 0
 570716.6
-542188
 44
 44
 88
-45
 570483.1
-543142.8
 44
 42.1875
 54.84375
 0
 570284.8
-542594.5
 44
 44
 88
 45
 569831.5
-542975.7
 44
 44
 88
 45
 569858.4
-543021
 44
 44
 88
 45
 569790.9
-542194.6
 44
 39.375
 51.1875
 45
 569709.9
-543039.1
 44
 44
 88
-45
 569343.3
-542622.3
 44
 44
 88
 0
 569349.6
-542407.6
 44
 39.375
 78.75
 45
 569289.8
-542804.8
 44
 44
 88
 45
 569168.6
-542692
 44
 44
 88
 0
 569361.1
-542410.2
 44
 44
 88
 0
 569395.3
-542515.5
 44
 44
 57.2
-45
 569153.1
-542716.5
 44
 44
 88
 0
 568401.5
-543664.1
 44
 44
 88
-45
 566563.6
-541897.3
 44
 44
 88
-45
 568770.7
-544130.2
 44
 44
 57.2
 0
 568882.3
-544288.7
 44
 44
 57.2
-45
 568903
-544228.6
 44
 44
 88
-45
 569067.7
-544789.9
 44
 44
 88
 0
 568060.8
-545491.1
 44
 44
 88
 45
 570238.8
-544335.6
 44
 44
 57.2
 45
 570274.6
-544372.8
 44
 44
 57.2
 0
 570170.4
-544413.6
 44
 44
 88
-45
 570316.8
-544203.8
 44
 44
 88
-45
 570274.1
-544393.8
 44
 44
 88
 0
 570239.5
-544419.9
 44
 44
 88
 45
 571073.4
-544041.4
 44
 44
 88
 0
