 317810.9
 295359.3
 44
 44
 85.8
 0
 316960.3
 293491.7
 44
 44
 132
-45
 316981.9
 293539.6
 44
 44
 85.8
 45
 316935.4
 293564.2
 44
 44
 132
 45
 315684.5
 293589.8
 44
 44
 85.8
-45
 315660.4
 294207.4
 44
 44
 85.8
 0
 313930.5
 294031.3
 44
 44
 132
 45
 313743.2
 294036.2
 44
 44
 85.8
-45
 313384.4
 294040
 44
 44
 132
 45
 313378.8
 294010.5
 44
 44
 132
 45
 313123.6
 293664.3
 44
 44
 132
 45
 312920.9
 294881.3
 44
 44
 132
-45
 312721.6
 294967.8
 44
 44
 132
 0
 312611.8
 293907
 44
 44
 85.8
 0
 312534.9
 294501.8
 44
 44
 132
-45
 312352
 295404
 44
 44
 132
 45
 312270.2
 294639.4
 44
 44
 132
 0
 312291.4
 294781.6
 44
 44
 132
-45
 312038.8
 295599.8
 44
 44
 132
 0
 311952.8
 295506.3
 44
 44
 132
 0
 311288.2
 294129
 44
 44
 132
 0
 310687.9
 294810.3
 44
 44
 85.8
-45
 310881.8
 292722.2
 44
 44
 132
-45
 312336.9
 292558.2
 44
 44
 85.8
 0
 312737.2
 292067.1
 44
 44
 132
 0
 310923.5
 291610.9
 44
 44
 132
 45
 312617.3
 290183.3
 44
 44
 132
-45
 312517.1
 289543.8
 44
 44
 85.8
 0
 311082.5
 289070.4
 44
 44
 85.8
 45
 311048.7
 288774.4
 44
 44
 132
 45
 311141.5
 288612.3
 44
 44
 132
 0
 310905.6
 288449.7
 44
 44
 132
-45
 310822.5
 288300.9
 44
 44
 85.8
 45
 310988.7
 288306.6
 44
 44
 132
 45
 312918.9
 290105.3
 44
 44
 85.8
 45
 314232.8
 289373
 44
 44
 132
-45
 314569.1
 290210.7
 44
 44
 85.8
-45
 314576.2
 290202.6
 44
 44
 85.8
-45
 314339.7
 290250.9
 44
 44
 85.8
 0
 317705.2
 288875.3
 44
 44
 132
 45
 317727.2
 288831.7
 44
 44
 132
 0
 314952.8
 291363.6
 44
 44
 132
 45
 314803.3
 290949
 44
 44
 132
 45
 314537.4
 290989.8
 44
 44
 132
 0
 314595.3
 291012
 44
 44
 85.8
 0
 314108.5
 293185.2
 44
 44
 85.8
 0
 313548.8
 293429.4
 44
 44
 132
 45
 313551.8
 293096.8
 44
 44
 132
 0
 313799.8
 292112.8
 44
 44
 85.8
 45
 313636.1
 291827.6
 44
 44
 132
 0
 313908.8
 290409.1
 44
 44
 132
 45
