 307796.8
 288105.5
 44
 44
 85.8
 45
 306260.5
 287569.4
 44
 44
 132
-45
 306717.8
 287393.9
 44
 44
 85.8
 45
 305916.3
 287245.5
 44
 44
 132
 0
 306504
 287305.9
 44
 44
 85.8
-45
 306317.8
 286668.5
 44
 44
 132
 0
 306811.1
 286669.4
 44
 44
 132
 0
 309522.3
 286386.3
 44
 44
 85.8
 45
 309671.1
 286268.9
 44
 44
 132
 0
 306352.2
 286204
 44
 44
 85.8
 0
 306365.1
 286091.1
 44
 44
 132
 0
 307866.1
 286022.1
 44
 44
 132
 0
 307369.3
 285929.1
 44
 44
 132
 0
 311848.6
 287442.8
 44
 44
 132
-45
 309682.6
 285593.5
 44
 44
 132
-45
 310969.2
 285561.9
 44
 44
 132
 0
 310993.8
 285518.9
 44
 44
 85.8
-45
 309989.2
 282496.3
 44
 44
 85.8
 45
 309565.1
 281216.5
 44
 44
 132
 45
 309232.6
 283217.4
 44
 44
 132
 0
 309122.4
 281618.7
 44
 44
 85.8
 45
 308924
 281049.2
 44
 44
 85.8
 45
 308502.8
 282977.3
 44
 44
 132
 0
 308593.4
 283008.7
 44
 44
 132
 0
 308217.4
 281328.8
 44
 44
 85.8
 0
 307890.6
 282266.3
 44
 44
 85.8
-45
 307900.9
 282321.3
 44
 44
 132
-45
 307688.7
 280381.2
 44
 44
 132
-45
 307684.9
 280300.5
 44
 44
 85.8
 0
 307706.3
 281251.8
 44
 44
 85.8
 0
 307483.5
 281215.6
 44
 44
 132
 45
 307269.9
 282214.6
 44
 44
 85.8
-45
 307176.7
 281874.2
 44
 44
 132
 45
 307135.4
 281840.9
 44
 44
 132
 0
 307064.8
 282565.3
 44
 44
 132
-45
 307064.9
 280839.1
 44
 44
 132
 0
 306994.5
 281849.1
 44
 44
 132
-45
 307094.6
 281103.5
 44
 44
 132
 45
 306925
 280953.3
 44
 44
 85.8
 0
 306521.1
 282297.4
 44
 44
 132
 45
 306225.3
 281353.7
 44
 44
 85.8
 0
 306263.7
 281233.3
 44
 44
 132
 45
 306181.3
 281360.1
 44
 44
 132
-45
 306043.5
 281163.1
 44
 44
 85.8
 0
 304847.8
 284826.1
 44
 44
 85.8
 0
 304879.4
 284819.4
 44
 44
 132
 0
 306779.3
 285782.7
 44
 44
 132
 0
 305099.5
 286444
 44
 44
 132
 0
 306921.9
 285940.3
 44
 44
 132
 45
 307143.7
 285677.5
 44
 44
 132
-45
 307544.8
 285342
 44
 44
 132
-45
 308108.8
 285103.1
 44
 44
 85.8
 0
 307307
 285146.3
 44
 44
 132
 0
 308282.9
 285365
 44
 44
 132
 45
 308369.2
 285132.5
 44
 44
 85.8
 45
 307540.7
 284998.9
 44
 44
 132
 45
 306885.3
 285084.1
 44
 44
 132
 0
 307058
 284806.2
 44
 44
 132
 0
 309449.5
 285243.8
 44
 44
 132
 0
 309423.9
 284066.4
 44
 44
 132
-45
 308951.4
 283310.2
 44
 44
 132
 45
 308613.6
 283616.4
 44
 44
 132
 0
 308352.5
 284355.6
 44
 44
 132
 45
 307883.9
 283995.5
 44
 44
 132
-45
 307748.6
 283698.8
 44
 44
 132
-45
 307813.2
 283802.5
 44
 44
 132
 0
 307630.2
 283706.4
 44
 44
 132
-45
 307637.3
 283820.7
 44
 44
 132
 45
 307641
 283812.2
 44
 44
 132
 45
 307786.1
 284125.1
 44
 44
 132
 45
 307821
 284164.8
 44
 44
 132
-45
