 311669.6
 304277
 44
 44
 77.22
 0
 310829.3
 304353.4
 44
 44
 118.8
 0
 311231.3
 304424.1
 44
 44
 77.22
-45
 310923.7
 304519.4
 44
 44
 118.8
-45
 311414
 304764.2
 44
 44
 118.8
 0
 310380.4
 304819.1
 44
 44
 118.8
-45
 311841.2
 305081.4
 44
 44
 118.8
 0
 311656.5
 304936.6
 44
 44
 118.8
 0
 311024
 304881.5
 44
 44
 118.8
 0
 311744.4
 304944.6
 44
 44
 118.8
 0
 311785.7
 305055.6
 44
 44
 77.22
 0
 311395.8
 305257.9
 44
 44
 118.8
 0
 310877
 305323.5
 44
 44
 118.8
 0
 310457.9
 305311.4
 44
 44
 77.22
 0
 311148.3
 305349
 44
 44
 77.22
 0
 312132.5
 305356.2
 44
 44
 118.8
 0
 311229.7
 305466.1
 44
 44
 118.8
 45
 312124.3
 305563.1
 44
 44
 77.22
 0
 310314.9
 305496.3
 44
 44
 118.8
 45
 311786.1
 305532.7
 44
 44
 118.8
 0
 312160.5
 305630.3
 44
 44
 118.8
 45
 311077
 305948.3
 44
 44
 77.22
-45
 310668.8
 306053.9
 44
 44
 77.22
 45
 311176.2
 306090.5
 44
 44
 77.22
-45
 310502.9
 303525.9
 44
 44
 77.22
-45
 310152
 306040.8
 44
 44
 77.22
-45
 310202.4
 305818.8
 44
 44
 118.8
 0
 310124.5
 304817.3
 44
 44
 118.8
-45
 310054.3
 303990.5
 44
 44
 118.8
-45
 309984.8
 306192
 44
 44
 118.8
 0
 309928.7
 303444.8
 44
 44
 77.22
 0
 309912.8
 304581.1
 44
 44
 118.8
 0
 309836
 304900.9
 44
 44
 118.8
 0
 309768.3
 305633.8
 44
 44
 77.22
 0
 309811.1
 304333.3
 44
 44
 77.22
 45
 309674.7
 303445.3
 44
 44
 77.22
 0
 309728
 304057.8
 44
 44
 77.22
-45
 309644.1
 304790.1
 44
 44
 118.8
-45
 309660.2
 304419.7
 44
 44
 118.8
 0
 309603.2
 305365
 44
 44
 118.8
-45
 309449.3
 303879.4
 44
 44
 118.8
 0
 309355.3
 305235.5
 44
 44
 118.8
-45
 309392.2
 304812.9
 44
 44
 77.22
 0
 309239.4
 303882.3
 44
 44
 77.22
 0
 309203.7
 304812.7
 44
 44
 118.8
-45
 309167
 304889.3
 44
 44
 118.8
 0
 309006.1
 305171.7
 44
 44
 118.8
 0
 309060.3
 304644.4
 44
 44
 118.8
-45
 308882.2
 305031.3
 44
 44
 77.22
 0
 308706.4
 304100.8
 44
 44
 118.8
 0
 308744.1
 304162.7
 44
 44
 118.8
-45
 308652.3
 305246.3
 44
 44
 118.8
 0
 308693.8
 305385.2
 44
 44
 118.8
-45
 308544.7
 303802.3
 44
 44
 77.22
 45
 308534.7
 304874.6
 44
 44
 118.8
-45
 308314
 304807.1
 44
 44
 77.22
 0
 308162.5
 304442.1
 44
 44
 118.8
 45
 308145.5
 303955.2
 44
 44
 77.22
 0
 307943.4
 303802
 44
 44
 77.22
 0
 307928.1
 303785.9
 44
 44
 118.8
-45
 308057.3
 305790.7
 44
 44
 77.22
-45
 307892.8
 304944.6
 44
 44
 77.22
 45
 307934.1
 305031.4
 44
 44
 118.8
 45
 307890.8
 305840.3
 44
 44
 77.22
 0
 307838.1
 304624.3
 44
 44
 77.22
 45
 307826.3
 305422.2
 44
 44
 77.22
 45
 307838.8
 305275.7
 44
 44
 118.8
 45
 307663.3
 304612.9
 44
 44
 118.8
 45
 307639.8
 304010.6
 44
 44
 118.8
 0
 307572.9
 305164.2
 44
 44
 118.8
 0
 307521.8
 304022.1
 44
 44
 118.8
 0
 307451.5
 304042
 44
 44
 118.8
 0
 307514.3
 305495.7
 44
 44
 77.22
-45
 307426.3
 305363.6
 44
 44
 118.8
-45
 307466.3
 305228.3
 44
 44
 118.8
 0
 307498.1
 305514.3
 44
 44
 77.22
 45
 307409.6
 305821.5
 44
 44
 118.8
 45
 307243
 305349.1
 44
 44
 77.22
-45
 307222.7
 305493.9
 44
 44
 77.22
 0
 307183.3
 304352.9
 44
 44
 118.8
 0
 307034.5
 305161
 44
 44
 118.8
 45
 306974
 306115.4
 44
 44
 118.8
 0
 306970.3
 304850.8
 44
 44
 118.8
-45
 306925
 304425
 44
 44
 118.8
 0
 306881.9
 306111.5
 44
 44
 118.8
 0
 306786.5
 305560.7
 44
 44
 77.22
 0
 306795.1
 303725.3
 44
 44
 118.8
 0
 306770.6
 306021.5
 44
 44
 118.8
 45
 306547.2
 305662.5
 44
 44
 118.8
 0
 306595.6
 304847.5
 44
 44
 77.22
 0
 306520.8
 304974.9
 44
 44
 118.8
-45
 306436.8
 306109.8
 44
 44
 118.8
 45
 306245
 305250.7
 44
 44
 118.8
 0
 306248.8
 305237.9
 44
 44
 118.8
 0
 305834.4
 304698.1
 44
 44
 118.8
 0
 305670.9
 306155.4
 44
 44
 118.8
 0
 305752.6
 305683.8
 44
 44
 118.8
 45
 305637.6
 305771.1
 44
 44
 118.8
 45
 305547.5
 304150.8
 44
 44
 118.8
-45
 305508.6
 304853.1
 44
 44
 77.22
-45
 305431.6
 305634.5
 44
 44
 118.8
 0
 305263.7
 306137.7
 44
 44
 118.8
 45
 305064.6
 305412.4
 44
 44
 118.8
 0
 304944.6
 305564
 44
 44
 118.8
 0
 304791.6
 305152.3
 44
 44
 77.22
-45
 304425.8
 305261
 44
 44
 118.8
 0
 304024
 304733.8
 44
 44
 77.22
 45
 303874.4
 304377.3
 44
 44
 118.8
 0
 303867.5
 305797.3
 44
 44
 118.8
 0
 303798.8
 305524.5
 44
 44
 118.8
 0
 303665
 306130.8
 44
 44
 118.8
 0
 303071.1
 304072.1
 44
 44
 118.8
 0
 302342.4
 303126.5
 44
 44
 118.8
-45
 302366.9
 301581.4
 44
 44
 77.22
 45
 302319.3
 301563.6
 44
 44
 77.22
 0
 302108.8
 300986.4
 44
 44
 118.8
 0
 302062.8
 300966.8
 44
 44
 118.8
 0
 299600.3
 300739.5
 44
 44
 118.8
 0
 299608.9
 300763.9
 44
 44
 118.8
-45
 299662.7
 300720.6
 44
 44
 118.8
 0
 299949.1
 300138
 44
 44
 118.8
 0
 299936.6
 300126.4
 44
 44
 118.8
 0
 302602.6
 299796.5
 44
 44
 77.22
 0
 302738.9
 299732.3
 44
 44
 118.8
-45
 302739.2
 299615
 44
 44
 118.8
 0
 301482.2
 299548.5
 44
 44
 118.8
 0
 299676.5
 299188.6
 44
 44
 118.8
 0
 302699.7
 299601.8
 44
 44
 118.8
 0
 302974.2
 298859.8
 44
 44
 118.8
 45
 302994.8
 298789.2
 44
 44
 77.22
 45
 303029.4
 298868.5
 44
 44
 118.8
 0
 303371.8
 300803.8
 44
 44
 118.8
 0
 303948.6
 297903
 44
 44
 77.22
 0
 303951.1
 297942.8
 44
 44
 118.8
 0
 304018.7
 298866
 44
 44
 118.8
-45
 304073
 298887.7
 44
 44
 118.8
 45
 304192.3
 300415.5
 44
 44
 77.22
 0
 305027
 298583.8
 44
 44
 118.8
 0
 305017.4
 298519.7
 44
 44
 77.22
-45
 305523.9
 300458.6
 44
 44
 77.22
 0
 305833.3
 298309.4
 44
 44
 118.8
-45
 305927.8
 300456.6
 44
 44
 118.8
 0
 306087.5
 298147.7
 44
 44
 118.8
 0
 306097.7
 299700.6
 44
 44
 118.8
 0
 306216.7
 298326.9
 44
 44
 77.22
-45
 306269.2
 299702.1
 44
 44
 118.8
 0
 306516.6
 299440.8
 44
 44
 118.8
 0
 306522
 300282
 44
 44
 118.8
 45
 306774.1
 298169.2
 44
 44
 118.8
-45
 308032.2
 299553.8
 44
 44
 118.8
 0
 307990.3
 299541.3
 44
 44
 118.8
 45
 309520.3
 298407.9
 44
 44
 118.8
 0
 309902.8
 298437.8
 44
 44
 118.8
 0
 310078.3
 300299.4
 44
 44
 77.22
 0
 310424.6
 300055.8
 44
 44
 77.22
-45
 311025
 300059.8
 44
 44
 77.22
 0
 311269.4
 299989
 44
 44
 118.8
 0
 311404.6
 299582.1
 44
 44
 118.8
 0
 311688.5
 299368.3
 44
 44
 118.8
 0
 311984.2
 298879.8
 44
 44
 118.8
 0
 312059.8
 298968.2
 44
 44
 77.22
-45
 312197.8
 298840.7
 44
 44
 77.22
 45
 312115.3
 298249.2
 44
 44
 77.22
 0
 312184.3
 299332.1
 44
 44
 77.22
 0
 312558.6
 298175.9
 44
 44
 77.22
 0
 312442.2
 298120.6
 44
 44
 118.8
 0
 312593.9
 298026.5
 44
 44
 118.8
 0
 312523.5
 298352.1
 44
 44
 118.8
-45
 312489.3
 298139.5
 44
 44
 118.8
 45
 311761.6
 300562.5
 44
 44
 118.8
-45
 312404.6
 300518.8
 44
 44
 118.8
 0
 310827.6
 300678.6
 44
 44
 77.22
 45
 310849.5
 300591.9
 44
 44
 77.22
 0
 310801.9
 300751.8
 44
 44
 118.8
-45
 310867.7
 300683.5
 44
 44
 118.8
 45
 311869.7
 300868.6
 44
 44
 118.8
-45
 312069.6
 301180.3
 44
 44
 77.22
 0
 310583.4
 301074.4
 44
 44
 118.8
 0
 311776.5
 301189.2
 44
 44
 118.8
 0
 311522.4
 301415.7
 44
 44
 118.8
 0
 312391.9
 301539.1
 44
 44
 118.8
 0
 312409.4
 301533.2
 44
 44
 118.8
 0
 312577
 301588.9
 44
 44
 118.8
 0
 312148.5
 301681.2
 44
 44
 118.8
 0
 312624.8
 301653.1
 44
 44
 77.22
 0
 311245.7
 301702.5
 44
 44
 77.22
-45
 312195.4
 301737.2
 44
 44
 118.8
 0
 311286
 301744.9
 44
 44
 118.8
 0
 311349.9
 301700
 44
 44
 118.8
 0
 312059.6
 302021.7
 44
 44
 77.22
 0
 312558.3
 302168.8
 44
 44
 118.8
 0
 312531.5
 302139.7
 44
 44
 118.8
 45
 311472.8
 302251.6
 44
 44
 77.22
 0
 312559.7
 302230.2
 44
 44
 118.8
 0
 311989
 302222.3
 44
 44
 77.22
 0
 310849.3
 302247.5
 44
 44
 118.8
 0
 311245.2
 302285.4
 44
 44
 118.8
-45
 310581.5
 302259.5
 44
 44
 118.8
-45
 312233.8
 302395.6
 44
 44
 77.22
 0
 310604.6
 302583.8
 44
 44
 77.22
-45
 311395.8
 302589
 44
 44
 118.8
-45
 311482.9
 302733.8
 44
 44
 77.22
 0
 311423.8
 302637.9
 44
 44
 118.8
 0
 310884.7
 302769
 44
 44
 118.8
 0
 310909.8
 302773.3
 44
 44
 118.8
-45
 311347.2
 302937.7
 44
 44
 118.8
 45
 312248.3
 302942.7
 44
 44
 118.8
 0
 311400.2
 303205.9
 44
 44
 118.8
 0
 312403.2
 303248.7
 44
 44
 77.22
 0
 311578.1
 303224.5
 44
 44
 77.22
-45
 312336.3
 303367.3
 44
 44
 77.22
-45
 312331
 303258.3
 44
 44
 77.22
 0
 311610
 303377.3
 44
 44
 77.22
 0
 312050.7
 303650
 44
 44
 77.22
-45
 311707
 303761.8
 44
 44
 77.22
 0
 311344.2
 303784.3
 44
 44
 118.8
 0
 311723.7
 303802
 44
 44
 77.22
 45
 310923.9
 303777.3
 44
 44
 118.8
-45
 310552.6
 303964.1
 44
 44
 77.22
 45
 311040.3
 303994.6
 44
 44
 118.8
 0
 312295.6
 304017.6
 44
 44
 77.22
 45
 310959.1
 304060.1
 44
 44
 118.8
 0
 312138.1
 304107.6
 44
 44
 77.22
 0
 311775.5
 304154.8
 44
 44
 118.8
 0
 310959.2
 304073.2
 44
 44
 118.8
 0
 310969.3
 304262.7
 44
 44
 77.22
 0
 308934.9
 303066.8
 44
 44
 118.8
-45
 308864.6
 302828.9
 44
 44
 77.22
 0
 309385.2
 302789.7
 44
 44
 77.22
-45
 309241.8
 302156
 44
 44
 77.22
 0
 309611.5
 301860.7
 44
 44
 118.8
 45
 308535.8
 301721.1
 44
 44
 77.22
 45
 309547.2
 301529.1
 44
 44
 118.8
 45
 308186.6
 302705.4
 44
 44
 118.8
 0
 308474.1
 301216
 44
 44
 118.8
 0
 309657
 301209.1
 44
 44
 118.8
 45
 309190.4
 301130.6
 44
 44
 118.8
 0
 308597.1
 301084.3
 44
 44
 118.8
 0
 307805.5
 301893.8
 44
 44
 118.8
 0
 308507.8
 300635.7
 44
 44
 118.8
 0
 307816.6
 300650.8
 44
 44
 118.8
-45
 307732.6
 303125.4
 44
 44
 77.22
-45
 307214
 303472.2
 44
 44
 118.8
-45
 307122.3
 302765.2
 44
 44
 77.22
 0
 307105.1
 302752.9
 44
 44
 118.8
-45
 306962.5
 302736.7
 44
 44
 118.8
 0
 306997
 303285.8
 44
 44
 118.8
-45
 307008.9
 302505.6
 44
 44
 118.8
 45
 306486.4
 300556.8
 44
 44
 118.8
 0
 306552.8
 302054.6
 44
 44
 118.8
 0
 306543.8
 302456.4
 44
 44
 118.8
 0
 306470
 301737.9
 44
 44
 77.22
 0
 306449.9
 300440.9
 44
 44
 77.22
-45
 306430.8
 301910.5
 44
 44
 118.8
 0
 306433.2
 301876.3
 44
 44
 118.8
-45
 306390.3
 301250.1
 44
 44
 118.8
 0
 306378.9
 301289.5
 44
 44
 77.22
 45
 306185.5
 300636.5
 44
 44
 77.22
-45
 306160.6
 300540.7
 44
 44
 77.22
 0
 306201.2
 301133.7
 44
 44
 118.8
 45
 306153.4
 301259.1
 44
 44
 118.8
 0
 305909.4
 301160.8
 44
 44
 77.22
 0
 305775.6
 301504.9
 44
 44
 118.8
 0
 305779.7
 301984.4
 44
 44
 118.8
 0
 305686.5
 302124.3
 44
 44
 118.8
 0
 305307.1
 301898.1
 44
 44
 118.8
 0
 305238.9
 302760.1
 44
 44
 118.8
-45
 304975.4
 300611.2
 44
 44
 118.8
-45
 304909.4
 300631.4
 44
 44
 118.8
 0
 304815.1
 302568.5
 44
 44
 118.8
-45
 304650.6
 302395.6
 44
 44
 118.8
-45
 304638.6
 302620.3
 44
 44
 77.22
-45
 304399
 302705.4
 44
 44
 118.8
 0
 304361
 302578.9
 44
 44
 118.8
 45
 303987
 301280.8
 44
 44
 77.22
 0
 304689
 303294.9
 44
 44
 118.8
 0
 305444.3
 303530.4
 44
 44
 118.8
-45
 305477
 303609.9
 44
 44
 118.8
-45
