-1916.36
 2197.337
 44
 44
 118.8
 0
-2468.69
 2506.041
 44
 44
 118.8
-45
-3139.035
 2595.645
 44
 44
 118.8
 0
 19.40766
 1508.286
 44
 44
 118.8
-45
-481.6774
 805.5446
 44
 44
 118.8
-45
-2789.012
 2453.307
 44
 44
 118.8
-45
-537.6345
 2351.624
 44
 44
 77.22
 0
-516.5646
 2698.968
 44
 44
 118.8
 0
-301.3926
-130.3147
 44
 44
 118.8
-45
-558.2213
 2480.901
 44
 44
 77.22
 45
-2766.22
 2410.76
 44
 44
 77.22
 0
-2012.593
 3767.768
 44
 44
 77.22
-45
 298.2255
 3840.05
 44
 44
 118.8
 0
 244.8139
 3847.663
 44
 44
 77.22
 0
 210.9756
 3841.11
 44
 44
 118.8
 0
-2073.531
 3947.182
 44
 44
 77.22
 0
-3591.386
 2565.433
 44
 44
 118.8
 0
-599.4165
 3934.791
 44
 44
 118.8
-45
-544.139
 4081.24
 44
 44
 118.8
 0
-126.6596
 4183.233
 44
 44
 118.8
 45
-3673.96
 1786.878
 44
 44
 118.8
-45
-124.1574
 4191.779
 44
 44
 118.8
 45
-1194.543
 4434.866
 44
 44
 77.22
 0
-1536.756
 4647.806
 44
 44
 118.8
 0
-2712.165
 4523.366
 44
 44
 77.22
-45
 115.4827
 4458.714
 44
 44
 77.22
 0
-3408.156
 4812.251
 44
 44
 118.8
 0
-2142.528
 4792.978
 44
 44
 77.22
 45
-993.6715
 4804.042
 44
 44
 118.8
 0
-3119.13
 4907.942
 44
 44
 118.8
 0
-1696.08
 4906.302
 44
 44
 118.8
-45
 507.9435
 4350.415
 44
 44
 118.8
 0
 834.712
 4014.577
 44
 44
 118.8
-45
 867.9806
 3323.716
 44
 44
 118.8
 45
 995.5021
 3557.719
 44
 44
 118.8
-45
 1236.395
 4587.09
 44
 44
 77.22
 0
 1245.065
 3736.985
 44
 44
 77.22
 45
 1599.363
 2282.506
 44
 44
 118.8
 0
 1486.963
 642.5438
 44
 44
 118.8
 45
 1604
 1276.369
 44
 44
 77.22
 0
 1572.266
 3705.309
 44
 44
 118.8
 45
 1667.35
 1828.223
 44
 44
 77.22
 45
 1671.967
 3735.906
 44
 44
 77.22
 0
 1814.154
 3173.69
 44
 44
 77.22
 0
 1745.922
 2457.257
 44
 44
 77.22
 45
 1681.698
 3655.084
 44
 44
 118.8
-45
 2094.445
 1605.943
 44
 44
 118.8
 0
 2161.71
 2367.275
 44
 44
 118.8
 0
 2135.212
 2375.839
 44
 44
 77.22
 0
 2285.819
 3568.302
 44
 44
 118.8
 0
 2377.332
 2222.596
 44
 44
 118.8
-45
 2383.706
 3797.969
 44
 44
 77.22
 0
 2372.136
 2327.928
 44
 44
 118.8
-45
 2391.28
 2421.599
 44
 44
 77.22
 0
 2497.892
 2558.709
 44
 44
 77.22
 45
 1646.186
 0.05389353
 44
 44
 118.8
-45
 1670.021
 127.924
 44
 44
 118.8
 0
 2636.011
 2489.264
 44
 44
 118.8
-45
 2606.387
 3238.338
 44
 44
 118.8
 0
 2659.208
 992.5804
 44
 44
 118.8
 45
 2748.846
 1854.434
 44
 44
 118.8
-45
 2841.38
 2191.622
 44
 44
 118.8
 0
 2854.745
 1694.189
 44
 44
 118.8
 0
 2036.536
-366.4781
 44
 44
 118.8
 45
 3041.335
 3218.146
 44
 44
 77.22
 45
 2915.621
 3129.168
 44
 44
 118.8
 0
 3069.35
 629.4429
 44
 44
 118.8
-45
 955.6992
-472.8182
 44
 44
 77.22
 0
 3180.642
 2018.138
 44
 44
 118.8
 0
 3037.16
 2845.646
 44
 44
 77.22
-45
 3306.393
 528.0292
 44
 44
 118.8
 0
 3296.343
 272.0183
 44
 44
 118.8
 0
 3238.588
 1664.996
 44
 44
 118.8
 0
 3211.513
 1674.689
 44
 44
 118.8
 0
 3281.308
 1559.613
 44
 44
 118.8
 45
 3188.265
 1541.541
 44
 44
 118.8
-45
 3577.238
 2525.798
 44
 44
 118.8
 0
 1079.57
-885.6556
 44
 44
 77.22
-45
 1174.381
-870.5493
 44
 44
 77.22
 0
 1415.236
-1151.494
 44
 44
 118.8
-45
 3075.175
-1288.094
 44
 44
 118.8
 0
 332.0704
-1444.25
 44
 44
 118.8
 0
 2707.506
-1501.264
 44
 44
 77.22
 0
-581.5949
-1740.02
 44
 44
 77.22
 0
 426.7479
-1857.679
 44
 44
 77.22
 45
-1473.2
-810.0255
 44
 44
 118.8
 0
-1964.536
-465.6375
 44
 44
 118.8
 0
-2406.78
-1536.738
 44
 44
 77.22
-45
-3487.362
-591.448
 44
 44
 77.22
 45
-3619.266
 78.68318
 44
 44
 118.8
-45
-3685.692
-568.6183
 44
 44
 77.22
 0
-3696.5
-561.102
 44
 44
 77.22
 0
-3664.997
 895.079
 44
 44
 118.8
 0
-3800.376
-556.0626
 44
 44
 118.8
-45
-4012.022
 234.7592
 44
 44
 77.22
 45
-4200.995
-96.52034
 44
 44
 118.8
 45
-4224.167
-22.65133
 44
 44
 77.22
-45
-4390.612
 543.5513
 44
 44
 118.8
 0
-4319.931
 1495.854
 44
 44
 118.8
 45
-4739.625
-784.4883
 44
 44
 118.8
-45
-4755.114
-677.1243
 44
 44
 118.8
 0
-4961.271
-704.7782
 44
 44
 118.8
 0
-5722.345
 1737.03
 44
 44
 118.8
 45
-5792.163
 344.4013
 44
 44
 77.22
 0
-6009.434
 1977.193
 44
 44
 118.8
 0
-6006.771
 2115.452
 44
 44
 77.22
 0
-6119.796
 2090.386
 44
 44
 118.8
-45
-6413.174
 1151.239
 44
 44
 77.22
 0
-6599.688
 729.3881
 44
 44
 77.22
 0
-6688.8
 110.4871
 44
 44
 118.8
 45
-6725.677
 353.4876
 44
 44
 118.8
 0
-6985.807
 295.9959
 44
 44
 118.8
 0
-4986.548
 2425.54
 44
 44
 77.22
-45
-4724.474
 1242.597
 44
 44
 118.8
 45
-5134.526
 2286.423
 44
 44
 118.8
-45
-6823.595
-1194.576
 44
 44
 118.8
 0
-4716.852
-1341.594
 44
 44
 77.22
 45
-5636.937
-350.4948
 44
 44
 77.22
 45
-4702.157
-1286.361
 44
 44
 77.22
 0
-6238.992
 1113.963
 44
 44
 118.8
-45
-6624.429
-811.0871
 44
 44
 77.22
-45
-5247.396
-804.3823
 44
 44
 77.22
 0
-5230.978
-819.1686
 44
 44
 77.22
 45
-6767.558
-375.503
 44
 44
 118.8
-45
-4462.931
-1163.298
 44
 44
 77.22
 0
-6344.096
 486.4489
 44
 44
 118.8
-45
-4211.634
 2394.106
 44
 44
 118.8
 45
-5413.428
 2365.219
 44
 44
 77.22
-45
-7190.521
 1322.254
 44
 44
 77.22
 0
-4764.452
 129.9432
 44
 44
 118.8
 0
-6189.903
 1737.467
 44
 44
 118.8
 0
-5408.05
 2420.378
 44
 44
 77.22
-45
-4000.786
 2359.201
 44
 44
 118.8
 0
-4045.235
 2359.617
 44
 44
 118.8
-45
-5241.72
-793.8634
 44
 44
 118.8
 0
-5754.674
-80.21459
 44
 44
 118.8
 0
-4161.787
-159.4678
 44
 44
 118.8
-45
-4124.517
 2366.639
 44
 44
 118.8
 45
-7170.539
 1338.718
 44
 44
 118.8
-45
-3445.122
-548.9652
 44
 44
 118.8
 45
-6072.986
 2619.345
 44
 44
 118.8
 45
-6175.644
 2596.244
 44
 44
 118.8
 0
-2967.762
 736.6136
 44
 44
 118.8
-45
-4554.632
 3064.06
 44
 44
 77.22
 45
-5920.638
 3082.155
 44
 44
 118.8
-45
-2647.23
 2947.048
 44
 44
 118.8
 45
-2495.677
 1549.111
 44
 44
 77.22
 0
-2537.023
 1588.777
 44
 44
 77.22
 0
-2372.791
 1676.918
 44
 44
 118.8
-45
-1617.349
 1661.614
 44
 44
 118.8
 0
-1050.974
 2214.612
 44
 44
 118.8
 45
-909.4383
-305.7072
 44
 44
 118.8
 0
-1974.899
-2154.131
 44
 44
 77.22
 0
 0.3311719
-1655.314
 44
 44
 118.8
 0
-836.4313
-2648.396
 44
 44
 118.8
 0
 102.8265
-1660.064
 44
 44
 77.22
 0
 1058.766
-1062.061
 44
 44
 118.8
 0
 1194.75
-1337.283
 44
 44
 118.8
 0
-240.0311
-4053.867
 44
 44
 118.8
 0
 1634.262
-552.3508
 44
 44
 77.22
 45
 1689.513
-581.4004
 44
 44
 118.8
-45
 1840.644
-2674.17
 44
 44
 77.22
 0
 1921.336
-1957.604
 44
 44
 118.8
 45
 1997.531
-2001.215
 44
 44
 118.8
-45
 2018.505
-2027.51
 44
 44
 118.8
 0
 2338.782
-808.5477
 44
 44
 118.8
-45
 2354.044
-804.3824
 44
 44
 118.8
 0
 2393.373
-2955.44
 44
 44
 118.8
 0
 2351.016
-1472.913
 44
 44
 118.8
-45
 2508.453
-1284.615
 44
 44
 118.8
 0
 2528.783
-3450.895
 44
 44
 118.8
 0
 2438.082
-3089.92
 44
 44
 77.22
-45
 2438.575
-1420.162
 44
 44
 118.8
-45
 2397.6
-1287.3
 44
 44
 118.8
 0
 2645.681
-3505.167
 44
 44
 118.8
 0
 2595.827
-456.2965
 44
 44
 118.8
 0
 2701.427
-4193.414
 44
 44
 77.22
 45
 2825.363
-1212.016
 44
 44
 118.8
 0
 3067.928
-651.8161
 44
 44
 77.22
-45
 3025.763
-3187.982
 44
 44
 77.22
 0
 2989.264
-3204.627
 44
 44
 118.8
 0
 3027.111
-3203.26
 44
 44
 77.22
 0
 2990.669
-1311.987
 44
 44
 118.8
 0
 3053.153
-1313.268
 44
 44
 118.8
 0
 3288.243
-1421.153
 44
 44
 77.22
 0
 3238.375
-4209.766
 44
 44
 118.8
-45
 3224.355
-4572.491
 44
 44
 118.8
-45
 3348.702
-4641.657
 44
 44
 118.8
 0
-3850.958
-3431.145
 44
 44
 118.8
 0
-4316.098
-4684.14
 44
 44
 118.8
 0
-4352.049
-4513.079
 44
 44
 77.22
-45
-4565.192
-4505.761
 44
 44
 118.8
 45
-5273.4
-4509.739
 44
 44
 118.8
 0
-5167.618
-4535.044
 44
 44
 77.22
 45
-5187.318
-2209.742
 44
 44
 118.8
 45
-5316.161
-4472.798
 44
 44
 118.8
 45
-5674.839
-1412.331
 44
 44
 118.8
 0
-5284.961
-1581.109
 44
 44
 118.8
 0
-5949.277
-1539.577
 44
 44
 77.22
 0
-8106.258
-4726.622
 44
 44
 77.22
 0
-5956.563
-1383.624
 44
 44
 118.8
 45
-8331.85
-3265.135
 44
 44
 118.8
-45
-8458.551
-3373.205
 44
 44
 118.8
 45
-8483.127
-3301.92
 44
 44
 118.8
-45
-8915.581
-3199.762
 44
 44
 77.22
 45
-8917.865
-3208.618
 44
 44
 118.8
 45
-9195.166
-3625.337
 44
 44
 77.22
 45
-9174.448
-2622.746
 44
 44
 118.8
-45
-9184.595
-3251.493
 44
 44
 118.8
-45
-9388.734
-3610.799
 44
 44
 118.8
 0
-9586.442
-3081.421
 44
 44
 118.8
-45
-9450.798
-3184.848
 44
 44
 118.8
 0
-9807.328
-2872.429
 44
 44
 118.8
-45
-9745.361
-2492.61
 44
 44
 77.22
-45
-9723.495
-2543.726
 44
 44
 118.8
 0
-9700.991
-2543.301
 44
 44
 118.8
 0
-9896.738
-2306.183
 44
 44
 118.8
 0
-9924.178
-2347.832
 44
 44
 118.8
 0
-9842.655
-2461.982
 44
 44
 118.8
 45
-10594.22
-2889.195
 44
 44
 77.22
 0
-9255.549
-1522.112
 44
 44
 118.8
 0
-7854.306
-1494.744
 44
 44
 77.22
 0
-8082.237
-1453.015
 44
 44
 77.22
-45
-10945.68
-1292.469
 44
 44
 77.22
 45
-7601.096
-577.3043
 44
 44
 118.8
 0
-11425.66
-2802.688
 44
 44
 118.8
-45
-11590.15
-2199.406
 44
 44
 77.22
 45
-11678.18
-2293.822
 44
 44
 77.22
 45
-11900.93
-2050.88
 44
 44
 118.8
 0
-13317.71
-1387.148
 44
 44
 118.8
 0
-13754.2
-1130.863
 44
 44
 118.8
 45
-10134.26
 475.8282
 44
 44
 77.22
 0
-9552.545
 1046.857
 44
 44
 77.22
-45
-9035.463
 1862.683
 44
 44
 118.8
 45
-8876.988
 2307.562
 44
 44
 118.8
 0
-9968.745
 2523.759
 44
 44
 118.8
 0
-8502.877
 2578.205
 44
 44
 77.22
-45
-9042.439
 3006.978
 44
 44
 118.8
-45
-9710.799
 3007.81
 44
 44
 77.22
 0
-8252.737
 3814.877
 44
 44
 77.22
-45
-8847.919
 4522.383
 44
 44
 118.8
-45
-7520.871
 4464.161
 44
 44
 77.22
-45
-7801.862
 5128.334
 44
 44
 118.8
 45
-8040.92
 5257.847
 44
 44
 118.8
 0
-7742.358
 5072.855
 44
 44
 118.8
 0
-7486.993
 5340.989
 44
 44
 77.22
 45
-8313.457
 5615.202
 44
 44
 77.22
 45
-8970.625
 5784.899
 44
 44
 118.8
 0
-8504.574
 6100.418
 44
 44
 118.8
 45
-8445.436
 6031.933
 44
 44
 118.8
-45
-7121.53
 6168.053
 44
 44
 77.22
 0
-7119.394
 6107.593
 44
 44
 77.22
 0
-9397.876
 6091.339
 44
 44
 118.8
-45
-6971.729
 5169.764
 44
 44
 118.8
 0
-6972.65
 4769.873
 44
 44
 77.22
 45
-6880.588
 5294.854
 44
 44
 118.8
 0
-6307.992
 5218.166
 44
 44
 118.8
-45
-6223.617
 4199.216
 44
 44
 77.22
 45
-6040.557
 4454.006
 44
 44
 118.8
-45
-5852.332
 5832.109
 44
 44
 118.8
 0
-5777.235
 4334.78
 44
 44
 118.8
-45
-5660.516
 6080.718
 44
 44
 77.22
 0
-5528.749
 6132.674
 44
 44
 77.22
-45
-5466.629
 5653.571
 44
 44
 77.22
 45
-5392.854
 5648.518
 44
 44
 77.22
 0
-5145.593
 4922.649
 44
 44
 77.22
 45
-5217.734
 3670.521
 44
 44
 77.22
-45
-4772.432
 6052.292
 44
 44
 77.22
 45
-4722.853
 5178.89
 44
 44
 118.8
 0
-4665.754
 5197.003
 44
 44
 118.8
 0
-4585.586
 4194.485
 44
 44
 118.8
 0
-4448.087
 5857.739
 44
 44
 118.8
 0
-4403.435
 5904.146
 44
 44
 77.22
 45
-4457.21
 5137.384
 44
 44
 118.8
 45
-4410.237
 5744.635
 44
 44
 77.22
-45
-4367.365
 3845.557
 44
 44
 77.22
 0
-4231.177
 4051.618
 44
 44
 77.22
 0
-4360.375
 5331.761
 44
 44
 77.22
 45
-4176.84
 5194.123
 44
 44
 118.8
-45
-3920.517
 5306.511
 44
 44
 77.22
-45
-3956.271
 3494.712
 44
 44
 77.22
-45
-3966.872
 3904.997
 44
 44
 118.8
 0
-3739.072
 5298.506
 44
 44
 118.8
 0
-3776.537
 5131.142
 44
 44
 118.8
 45
-3654.437
 4568.472
 44
 44
 77.22
 0
-3664.627
 3902.098
 44
 44
 118.8
-45
-3780.067
 3705.567
 44
 44
 118.8
 45
-3707.881
 4626.843
 44
 44
 77.22
 45
-3574.264
 4848.927
 44
 44
 77.22
 0
-3557.8
 5683.306
 44
 44
 118.8
-45
-3630.923
 3951.305
 44
 44
 118.8
 0
-3628.428
 4145.078
 44
 44
 118.8
 0
-3463.72
 5048.75
 44
 44
 118.8
-45
-3354.217
 4490.118
 44
 44
 118.8
 0
-3317.544
 5279.264
 44
 44
 118.8
 0
-3090.047
 4266.769
 44
 44
 118.8
 45
-3129.607
 5605.947
 44
 44
 77.22
-45
-3208.142
 5059.823
 44
 44
 118.8
 45
-3147.986
 3084.227
 44
 44
 118.8
-45
-3126.163
 4356.903
 44
 44
 118.8
 0
-2918.189
 5665.671
 44
 44
 118.8
 0
-2684.939
 5189.869
 44
 44
 118.8
 0
-2904.354
 3736.625
 44
 44
 118.8
 0
-2919.76
 3996.294
 44
 44
 118.8
 0
-2839.844
 5110.568
 44
 44
 118.8
 0
-2544.495
 5761.455
 44
 44
 118.8
 0
-2696.934
 4867.115
 44
 44
 77.22
-45
-2543.378
 5363.833
 44
 44
 77.22
 0
-2406.096
 4425.359
 44
 44
 118.8
-45
-2475.697
 4220.457
 44
 44
 77.22
 0
-2345.024
 4190.631
 44
 44
 118.8
-45
-2411.207
 4191.338
 44
 44
 118.8
 45
-2324.317
 4347.799
 44
 44
 118.8
 0
-2183.5
 3705.731
 44
 44
 118.8
 0
-2217.893
 3641.585
 44
 44
 118.8
 0
-2055.116
 4927.513
 44
 44
 118.8
-45
-1955.395
 4377.263
 44
 44
 118.8
-45
-2086.483
 4293.933
 44
 44
 118.8
 0
-1702.614
 5047.05
 44
 44
 118.8
-45
-1815.393
 4779.167
 44
 44
 118.8
 45
-1506.298
 4132.275
 44
 44
 118.8
 0
-1326.985
 4424.927
 44
 44
 118.8
 0
-1246.111
 3561.765
 44
 44
 118.8
-45
-1021.082
 4768.921
 44
 44
 118.8
 0
-966.1674
 4214.797
 44
 44
 77.22
-45
-859.4424
 4250.563
 44
 44
 118.8
 45
-941.5909
 4185.995
 44
 44
 77.22
 0
-901.5945
 3102.476
 44
 44
 118.8
 45
-910.7299
 5220.075
 44
 44
 118.8
 0
-843.8651
 3111.939
 44
 44
 118.8
-45
-895.5831
 5228.446
 44
 44
 77.22
 0
-951.5928
 3765.162
 44
 44
 118.8
 0
-867.6887
 4304.686
 44
 44
 77.22
 0
-842.1863
 4889.616
 44
 44
 118.8
 0
-827.7474
 4494.55
 44
 44
 77.22
 45
-509.7662
 5252.345
 44
 44
 77.22
 45
-451.1705
 4969.128
 44
 44
 77.22
 0
-409.7779
 2917.543
 44
 44
 118.8
-45
-388.8583
 3090.197
 44
 44
 77.22
 45
-194.2241
 3962.469
 44
 44
 118.8
-45
-244.2187
 4367.538
 44
 44
 118.8
 45
-361.9219
 3557.588
 44
 44
 77.22
 45
-1.456016
 5254.758
 44
 44
 118.8
 0
 2.092422
 5264.208
 44
 44
 118.8
 0
-278.8382
 3702.274
 44
 44
 77.22
 45
-266.0196
 2468.743
 44
 44
 118.8
 0
-212.8348
 2455.204
 44
 44
 118.8
 0
-199.9714
 3071.149
 44
 44
 118.8
 0
-28.61656
 5099.279
 44
 44
 118.8
 45
 137.9766
 5168.946
 44
 44
 118.8
 0
 75.39117
 2926.532
 44
 44
 77.22
-45
 147.523
 4134.292
 44
 44
 118.8
 45
 307.0766
 4036.271
 44
 44
 118.8
 0
 139.2139
 3837.042
 44
 44
 77.22
-45
 418.8651
 1768.243
 44
 44
 118.8
-45
 491.7541
 4980.796
 44
 44
 77.22
 0
 538.5087
 4723.568
 44
 44
 118.8
 45
 719.1434
 4414.139
 44
 44
 118.8
 0
 641.8324
 4633.675
 44
 44
 118.8
-45
 613.2086
 3592.224
 44
 44
 77.22
-45
 601.8362
 2773.698
 44
 44
 77.22
-45
 1020.265
 915.4493
 44
 44
 77.22
 0
 1057.573
 4432.393
 44
 44
 118.8
-45
 1142.661
 1388.69
 44
 44
 77.22
 0
 196.0959
 917.1141
 44
 44
 118.8
-45
 1139.455
 1631.206
 44
 44
 77.22
 45
 1271.996
 1275.73
 44
 44
 118.8
 45
 1162.304
 4329.773
 44
 44
 118.8
 0
 1422.097
 1811.812
 44
 44
 118.8
 45
 1417.369
 1687.539
 44
 44
 118.8
 45
 1368.228
 4403.246
 44
 44
 77.22
-45
 1610.089
 1111.832
 44
 44
 118.8
 0
 1713.924
 1147.913
 44
 44
 118.8
 0
 1953.578
 3477.238
 44
 44
 118.8
 0
 1815.064
 3420.169
 44
 44
 77.22
 0
 1773.715
 1715.496
 44
 44
 77.22
 45
 2327.52
 2937.712
 44
 44
 118.8
 0
 2244.268
 1378.126
 44
 44
 118.8
-45
 2177.955
 3478.912
 44
 44
 77.22
 0
 2338.619
 3706.372
 44
 44
 118.8
 0
 1580.811
 281.2086
 44
 44
 77.22
-45
 2517.064
 3639.646
 44
 44
 118.8
 45
 2605.423
 2803.926
 44
 44
 77.22
-45
 2655.638
 1029.174
 44
 44
 118.8
-45
 2886.126
 1928.779
 44
 44
 77.22
 0
 2633.252
 42.6226
 44
 44
 118.8
 0
 2947.948
 2544.213
 44
 44
 118.8
-45
 2849.042
 3293.341
 44
 44
 118.8
-45
 2926.196
 586.35
 44
 44
 118.8
 45
 3177.555
 900.5431
 44
 44
 118.8
 0
 3274.179
 2555.246
 44
 44
 77.22
 0
 3098.163
 2400.93
 44
 44
 118.8
 0
finlist
 0
 1
 1
 1
 0
 1
 1
 1
 0
 1
 1
 1
 0
 1
 1
 1
 0
 1
 1
 1
 0
 1
 1
 1
 0
 1
 1
 1
 0
 1
 1
 1
 0
 1
 1
 1
 0
 1
 1
 1
 0
 1
 1
 1
 0
 1
 1
 1
 0
 1
 1
 1
 0
 1
 1
 1
 0
 1
 1
 1
 0
 1
 1
 1
 0
 1
 1
 1
 0
 1
 1
 1
 0
 1
 1
 1
 0
 1
 1
 1
 0
 1
 1
 1
 0
 1
 1
 1
 0
 1
 1
 1
 0
 1
 1
 1
 0
 1
 1
 1
 0
 1
 1
 1
 0
 1
 1
 1
 0
 1
 1
 1
 0
 1
 1
 1
 0
 1
 1
 1
 0
 1
 1
 1
 0
 1
 1
 1
 0
 1
 1
 1
 0
 1
 1
 1
 0
 1
 1
 1
 0
 1
 1
 1
 0
 1
 1
 1
 0
 1
 1
 1
 0
 1
 1
 1
 0
 1
 1
 1
 0
 1
 1
 1
 0
 1
 1
 1
 0
 1
 1
 1
 0
 1
 1
 1
 0
 1
 1
 1
 0
 1
 1
 1
 0
 1
 1
 1
 0
 1
 1
 1
 0
 1
 1
 1
 0
 1
 1
 1
 0
 1
 1
 1
 0
 1
 1
 1
 0
 1
 1
 1
 0
 1
 1
 1
 0
 1
 1
 1
 0
 1
 1
 1
 0
 1
 1
 1
 0
 1
 1
 1
 0
 1
 1
 1
 0
 1
 1
 1
 0
 1
 1
 1
 0
 1
 1
 1
 0
 1
 1
 1
 0
 1
 1
 1
 0
 1
 1
 1
 0
 1
 1
 1
 0
 1
 1
 1
 0
 1
 1
 1
 0
 1
 1
 1
 0
 1
 1
 1
 0
 1
 1
 1
 0
 1
 1
 1
 0
 1
 1
 1
 0
 1
 1
 1
 0
 1
 1
 1
 0
 1
 1
 1
 0
 1
 1
 1
 0
 1
 1
 1
 0
 1
 1
 1
 0
 1
 1
 1
 0
 1
 1
 1
 0
 1
 1
 1
 0
 1
 1
 1
 0
 1
 1
 1
 0
 1
 1
 1
 0
 1
 1
 1
 0
 1
 1
 1
 0
 1
 1
 1
 0
 1
 1
 1
 0
 1
 1
 1
 0
 1
 1
 1
 0
 1
 1
 1
 0
 1
 1
 1
 0
 1
 1
 1
 0
 1
 1
 1
 0
 1
 1
 1
 0
 1
 1
 1
 0
 1
 1
 1
 0
 1
 1
 1
 0
 1
 1
 1
 0
 1
 1
 1
 0
 1
 1
 1
 0
 1
 1
 1
 0
 1
 1
 1
 0
 1
 1
 1
 0
 1
 1
 1
 0
 1
 1
 1
 0
 1
 1
 1
 0
 1
 1
 1
 0
 1
 1
 1
 0
 1
 1
 1
 0
 1
 1
 1
 0
 1
 1
 1
 0
 1
 1
 1
 0
 1
 1
 1
 0
 1
 1
 1
 0
 1
 1
 1
 0
 1
 1
 1
 0
 1
 1
 1
 0
 1
 1
 1
 0
 1
 1
 1
 0
 1
 1
 1
 0
 1
 1
 1
 0
 1
 1
 1
 0
 1
 1
 1
 0
 1
 1
 1
 0
 1
 1
 1
 0
 1
 1
 1
 0
 1
 1
 1
 0
 1
 1
 1
 0
 1
 1
 1
 0
 1
 1
 1
 0
 1
 1
 1
 0
 1
 1
 1
 0
 1
 1
 1
 0
 1
 1
 1
 0
 1
 1
 1
 0
 1
 1
 1
 0
 1
 1
 1
 0
 1
 1
 1
 0
 1
 1
 1
 0
 1
 1
 1
 0
 1
 1
 1
 0
 1
 1
 1
 0
 1
 1
 1
 0
 1
 1
 1
 0
 1
 1
 1
 0
 1
 1
 1
 0
 1
 1
 1
 0
 1
 1
 1
 0
 1
 1
 1
 0
 1
 1
 1
 0
 1
 1
 1
 0
 1
 1
 1
 0
 1
 1
 1
 0
 1
 1
 1
 0
 1
 1
 1
 0
 1
 1
 1
 0
 1
 1
 1
 0
 1
 1
 1
 0
 1
 1
 1
 0
 1
 1
 1
 0
 1
 1
 1
 0
 1
 1
 1
 0
 1
 1
 1
 0
 1
 1
 1
 0
 1
 1
 1
 0
 1
 1
 1
 0
 1
 1
 1
 0
 1
 1
 1
 0
 1
 1
 1
 0
 1
 1
 1
 0
 1
 1
 1
 0
 1
 1
 1
 0
 1
 1
 1
 0
 1
 1
 1
 0
 1
 1
 1
 0
 1
 1
 1
 0
 1
 1
 1
 0
 1
 1
 1
 0
 1
 1
 1
 0
 1
 1
 1
 0
 1
 1
 1
 0
 1
 1
 1
 0
 1
 1
 1
 0
 1
 1
 1
 0
 1
 1
 1
 0
 1
 1
 1
 0
 1
 1
 1
 0
 1
 1
 1
 0
 1
 1
 1
 0
 1
 1
 1
 0
 1
 1
 1
 0
 1
 1
 1
 0
 1
 1
 1
 0
 1
 1
 1
 0
 1
 1
 1
 0
 1
 1
 1
 0
 1
 1
 1
 0
 1
 1
 1
 0
 1
 1
 1
 0
 1
 1
 1
 0
 1
 1
 1
 0
 1
 1
 1
 0
 1
 1
 1
 0
 1
 1
 1
 0
 1
 1
 1
 0
 1
 1
 1
 0
 1
 1
 1
 0
 1
 1
 1
 0
 1
 1
 1
 0
 1
 1
 1
 0
 1
 1
 1
 0
 1
 1
 1
 0
 1
 1
 1
 0
 1
 1
 1
 0
 1
 1
 1
 0
 1
 1
 1
 0
 1
 1
 1
 0
 1
 1
 1
 0
 1
 1
 1
 0
 1
 1
 1
 0
 1
 1
 1
 0
 1
 1
 1
 0
 1
 1
 1
 0
 1
 1
 1
 0
 1
 1
 1
 0
 1
 1
 1
 0
 1
 1
 1
 0
 1
 1
 1
 0
 1
 1
 1
 0
 1
 1
 1
 0
 1
 1
 1
 0
 1
 1
 1
 0
 1
 1
 1
 0
 1
 1
 1
 0
 1
 1
 1
 0
 1
 1
 1
 0
 1
 1
 1
 0
 1
 1
 1
 0
 1
 1
 1
 0
 1
 1
 1
 0
 1
 1
 1
 0
 1
 1
 1
 0
 1
 1
 1
 0
 1
 1
 1
 0
 1
 1
 1
 0
 1
 1
 1
 0
 1
 1
 1
 0
 1
 1
 1
 0
 1
 1
 1
 0
 1
 1
 1
 0
 1
 1
 1
 0
 1
 1
 1
 0
 1
 1
 1
 0
 1
 1
 1
 0
 1
 1
 1
 0
 1
 1
 1
 0
 1
 1
 1
 0
 1
 1
 1
 0
 1
 1
 1
 0
 1
 1
 1
 0
 1
 1
 1
 0
 1
 1
 1
 0
 1
 1
 1
 0
 1
 1
 1
 0
 1
 1
 1
 0
 1
 1
 1
 0
 1
 1
 1
 0
 1
 1
 1
 0
 1
 1
 1
 0
 1
 1
 1
 0
 1
 1
 1
 0
 1
 1
 1
 0
 1
 1
 1
 0
 1
 1
 1
 0
 1
 1
 1
 0
 1
 1
 1
 0
 1
 1
 1
 0
 1
 1
 1
 0
 1
 1
 1
 0
 1
 1
 1
 0
 1
 1
 1
 0
 1
 1
 1
 0
 1
 1
 1
 0
 1
 1
 1
 0
 1
 1
 1
 0
 1
 1
 1
 0
 1
 1
 1
 0
 1
 1
 1
 0
 1
 1
 1
 0
 1
 1
 1
 0
 1
 1
 1
 0
 1
 1
 1
 0
 1
 1
 1
 0
 1
 1
 1
 0
 1
 1
 1
 0
 1
 1
 1
 0
 1
 1
 1
 0
 1
 1
 1
 0
 1
 1
 1
 0
 1
 1
 1
 0
 1
 1
 1
 0
 1
 1
 1
 0
 1
 1
 1
 0
 1
 1
 1
 0
 1
 1
 1
 0
 1
 1
 1
 0
 1
 1
 1
 0
 1
 1
 1
 0
 1
 1
 1
 0
 1
 1
 1
 0
 1
 1
 1
 0
 1
 1
 1
 0
 1
 1
 1
 0
 1
 1
 1
 0
 1
 1
 1
 0
 1
 1
 1
 0
 1
 1
 1
 0
 1
 1
 1
 0
 1
 1
 1
 0
 1
 1
 1
 0
 1
 1
 1
 0
 1
 1
 1
 0
 1
 1
 1
 0
 1
 1
 1
 0
 1
 1
 1
 0
 1
 1
 1
 0
 1
 1
 1
 0
 1
 1
 1
 0
 1
 1
 1
 0
 1
 1
 1
 0
 1
 1
 1
 0
 1
 1
 1
 0
 1
 1
 1
 0
 1
 1
 1
 0
 1
 1
 1
 0
 1
 1
 1
 0
 1
 1
 1
 0
 1
 1
 1
 0
 1
 1
 1
 0
 1
 1
 1
 0
 1
 1
 1
 0
 1
 1
 1
 0
 1
 1
 1
 0
 1
 1
 1
 0
 1
 1
 1
 0
 1
 1
 1
 0
 1
 1
 1
 0
 1
 1
 1
 0
 1
 1
 1
 0
 1
 1
 1
 0
 1
 1
 1
 0
 1
 1
 1
 0
 1
 1
 1
 0
 1
 1
 1
 0
 1
 1
 1
 0
 1
 1
 1
 0
 1
 1
 1
 0
 1
 1
 1
 0
 1
 1
 1
 0
 1
 1
 1
 0
 1
 1
 1
 0
 1
 1
 1
 0
 1
 1
 1
 0
 1
 1
 1
 0
 1
 1
 1
 0
 1
 1
 1
 0
 1
 1
 1
 0
 1
 1
 1
 0
 1
 1
 1
 0
 1
 1
 1
 0
 1
 1
 1
 0
 1
 1
 1
 0
 1
 1
 1
 0
 1
 1
 1
 0
 1
 1
 1
 0
 1
 1
 1
 0
 1
 1
 1
 0
 1
 1
 1
 0
 1
 1
 1
 0
 1
 1
 1
 0
 1
 1
 1
 0
 1
 1
 1
 0
 1
 1
 1
 0
 1
 1
 1
 0
 1
 1
 1
 0
 1
 1
 1
 0
 1
 1
 1
 0
 1
 1
 1
 0
 1
 1
 1
 0
 1
 1
 1
