 559707.1
-607720.7
 44
 44
 61.6
 45
 559732.8
-607774
 44
 44
 40.04
 0
 559752.5
-607782.6
 44
 44
 40.04
 0
 558342.8
-608130.5
 44
 44
 40.04
-45
 558328.4
-608179.7
 44
 44
 61.6
 0
 558924.9
-608525.9
 44
 44
 40.04
 45
 558846.8
-608509.9
 44
 44
 40.04
 0
 558835.9
-608541.2
 44
 44
 61.6
 0
 558676.4
-608570.1
 44
 44
 40.04
 0
 556772.9
-608620.4
 44
 44
 61.6
-45
 555158.1
-611128.7
 44
 44
 40.04
-45
 554621.4
-610321.8
 44
 44
 61.6
 45
 554419.3
-610098.7
 44
 44
 61.6
 0
 554379
-609642.7
 44
 44
 61.6
-45
 554266.3
-608612.8
 44
 44
 40.04
 0
 554016.3
-608560.3
 44
 44
 61.6
 0
 553811.5
-608466.7
 44
 44
 40.04
 0
 553597.9
-610935.5
 44
 42.82983
 38.97514
 45
 556702.4
-608407.1
 44
 44
 40.04
-45
 553372.8
-609297.6
 44
 44
 61.6
 0
 553264.1
-609646.9
 44
 44
 40.04
-45
 553173.7
-609515.3
 44
 44
 61.6
 0
 553021.5
-610100.3
 44
 44
 61.6
-45
 554322.6
-608363.4
 44
 44
 40.04
 45
 552869.1
-609154.2
 44
 44
 61.6
 45
 552945.4
-609786.3
 44
 44
 61.6
 0
 552884.8
-610097.6
 44
 44
 61.6
-45
 552921.1
-610166
 44
 44
 61.6
 0
 552734.7
-608869.3
 44
 44
 61.6
 45
 554256.4
-608260.6
 44
 44
 61.6
-45
 552296.1
-610404.3
 44
 44
 61.6
 0
 552040.8
-610437.6
 44
 44
 61.6
-45
 552165.4
-610267.1
 44
 44
 61.6
 45
 552131.4
-609405.3
 44
 44
 61.6
 45
 554320.1
-608214.6
 44
 44
 61.6
-45
 551875.4
-609534.8
 44
 44
 61.6
-45
 551801.3
-609266.8
 44
 44
 40.04
 0
 551648.4
-609669.8
 44
 44
 61.6
-45
 551541.3
-609438.8
 44
 44
 61.6
-45
 554474.1
-608317.4
 44
 44
 61.6
 0
 551241.7
-609860.3
 44
 44
 61.6
 0
 551272.5
-610225.5
 44
 44
 61.6
 0
 551064.9
-609210.7
 44
 44
 61.6
-45
 550880.4
-609625.8
 44
 44
 61.6
 0
 550599.6
-609231.8
 44
 44
 61.6
 0
 550638.1
-609553
 44
 44
 40.04
 0
 550643.2
-609538.9
 44
 44
 40.04
 0
 550435.4
-610277.6
 44
 44
 61.6
 0
 550352
-609163.1
 44
 44
 61.6
-45
 550387.2
-608815.5
 44
 44
 40.04
-45
 550215.9
-608665.9
 44
 42.82983
 59.96175
-45
 549928.3
-609227
 44
 44
 61.6
 0
 549897.6
-609221.6
 44
 44
 40.04
 0
 550011.4
-609019.6
 44
 44
 61.6
-45
 549630.1
-608620.9
 44
 44
 61.6
 45
 549406.7
-608632.6
 44
 44
 61.6
 0
 549389.4
-609270.4
 44
 44
 61.6
 0
 549379.2
-609286.4
 44
 44
 61.6
 0
 549244.7
-608925.5
 44
 44
 40.04
 0
 549226.1
-608920.4
 44
 44
 40.04
 0
 549181
-610009.1
 44
 44
 40.04
 0
 548911.9
-609496.3
 44
 44
 40.04
-45
 549123.1
-610027.5
 44
 44
 61.6
 0
 548835.8
-608451.8
 44
 44
 40.04
-45
 548718.8
-608408.3
 44
 44
 40.04
 45
 548522.6
-609050.2
 44
 42.82983
 38.97514
 45
 548205.3
-609238.3
 44
 44
 61.6
 0
 548205.4
-609228.1
 44
 44
 61.6
 0
 548227.9
-609104.7
 44
 44
 40.04
-45
 548072.9
-609634.8
 44
 42.82983
 59.96175
 45
 547897.6
-610150.7
 44
 44
 61.6
 0
 547908.2
-609264.9
 44
 44
 40.04
 0
 547760.9
-608758.5
 44
 44
 40.04
 0
 547853.2
-611018.4
 44
 44
 40.04
 0
 547748.8
-608769.6
 44
 44
 61.6
 0
 547653.8
-609550.8
 44
 44
 40.04
 45
 547574.6
-610607.9
 44
 44
 61.6
 0
 547437.3
-609166.7
 44
 44
 40.04
 45
 547495.6
-608834.6
 44
 44
 61.6
 0
 547525.2
-610642.7
 44
 44
 61.6
 45
 547506.4
-608826.5
 44
 44
 61.6
 0
 547481.1
-609533.6
 44
 44
 61.6
-45
 547246.8
-609528.5
 44
 44
 61.6
 0
 547239.9
-609547.9
 44
 44
 61.6
 0
 547175.1
-608429.4
 44
 44
 61.6
-45
 547002.5
-610110.2
 44
 44
 61.6
 0
 546893.6
-609612.7
 44
 44
 40.04
 0
 546761.2
-609382.6
 44
 44
 61.6
 0
 546755.1
-608371
 44
 44
 61.6
-45
 547592.8
-608277.1
 44
 44
 40.04
 45
 547744
-608347.2
 44
 44
 61.6
 0
 548048.5
-608285.8
 44
 44
 61.6
 0
 548256.8
-608172.3
 44
 44
 61.6
 0
 547099.2
-608106.4
 44
 44
 61.6
 0
 546890.5
-608107.1
 44
 44
 40.04
-45
 546808.8
-608013.4
 44
 44
 61.6
 0
 548750.9
-607980.9
 44
 44
 40.04
 0
 546716.4
-607866.6
 44
 44
 40.04
-45
 546476.4
-607778.1
 44
 44
 61.6
-45
 547074.9
-607684.7
 44
 44
 40.04
 0
 548995.8
-607867.6
 44
 44
 40.04
 0
 548393.1
-607697.7
 44
 44
 40.04
 45
 547800.9
-607705.3
 44
 44
 40.04
 0
 547426.9
-607699.6
 44
 44
 61.6
 0
 547462.2
-607463.1
 44
 44
 61.6
-45
 546674.5
-607369.3
 44
 42.82983
 59.96175
-45
 549193
-607366.3
 44
 44
 61.6
 0
 547054.4
-607203.5
 44
 44
 61.6
 45
 546419
-607147.4
 44
 44
 40.04
 0
 546573
-607016.6
 44
 44
 40.04
 0
 546634.8
-607065.2
 44
 44
 40.04
-45
 547929
-606679.3
 44
 44
 40.04
 0
 548353.9
-606902
 44
 44
 61.6
 0
 546556.3
-606605
 44
 44
 61.6
 0
 548348.8
-606018.8
 44
 44
 40.04
 45
 548579.6
-605899.8
 44
 44
 40.04
-45
 548732.7
-605493
 44
 44
 61.6
 0
 548546.3
-605490
 44
 44
 61.6
 0
 549353.7
-605330.8
 44
 44
 61.6
-45
 549251
-605102.6
 44
 44
 61.6
-45
 549381.2
-605490.9
 44
 44
 40.04
 0
 549364.6
-605330.1
 44
 44
 61.6
-45
 549479.8
-607636.6
 44
 44
 40.04
 0
 549441.9
-607641.1
 44
 44
 61.6
 0
 549789.9
-605473.6
 44
 44
 61.6
 0
 549861.6
-605677
 44
 44
 40.04
 0
 550635.8
-605054
 44
 44
 61.6
 45
 550612.8
-603666.4
 44
 44
 40.04
 0
 551075.6
-605434.4
 44
 44
 61.6
 0
 551183.3
-605178.1
 44
 44
 61.6
 45
 551142.5
-604011
 44
 44
 40.04
-45
 551186.1
-605822.9
 44
 44
 61.6
-45
 551186.5
-605024
 44
 44
 40.04
 0
 551175.4
-603744.7
 44
 44
 40.04
 45
 551452.9
-604994.4
 44
 44
 40.04
-45
 551590.4
-604044.3
 44
 44
 40.04
-45
 551787.6
-605461
 44
 44
 61.6
 0
 551745.4
-605294.5
 44
 44
 61.6
 45
 551875.1
-603958.6
 44
 44
 61.6
 0
 551841.6
-605478
 44
 44
 61.6
-45
 552099.6
-604413.4
 44
 44
 61.6
 0
 556333.6
-606122.9
 44
 44
 61.6
-45
 554262.4
-608080.6
 44
 44
 61.6
-45
 554319.6
-607847.7
 44
 44
 61.6
 0
 550606.8
-607855
 44
 44
 61.6
 0
 550272.3
-607711.6
 44
 44
 61.6
 0
 550144.7
-607825.4
 44
 44
 61.6
 0
 549831.1
-607972.8
 44
 44
 40.04
 0
 549804.6
-607955.5
 44
 44
 61.6
-45
 549830.9
-608058.1
 44
 44
 61.6
 0
