-1392763
 1705886
 44
 44
 418
-45
-1389528
 1706722
 44
 44
 418
 0
-1392853
 1706647
 44
 44
 271.7
-45
-1392501
 1706735
 44
 44
 418
-45
-1393011
 1704845
 44
 44
 418
 0
-1391955
 1706981
 44
 44
 418
 0
-1392673
 1706864
 44
 44
 418
-45
-1392042
 1706998
 44
 44
 418
 0
-1389482
 1707130
 44
 44
 418
 0
-1389559
 1706995
 44
 44
 418
 0
-1392098
 1707589
 44
 44
 418
 0
-1389904
 1707517
 44
 44
 418
-45
-1390770
 1707591
 44
 44
 418
-45
-1392040
 1707637
 44
 44
 271.7
-45
-1390326
 1707662
 44
 44
 271.7
-45
-1393506
 1704598
 44
 44
 271.7
-45
-1391081
 1707622
 44
 44
 418
 0
-1393588
 1704693
 44
 44
 271.7
 0
-1391627
 1707970
 44
 44
 418
-45
-1392135
 1707917
 44
 44
 271.7
-45
-1391833
 1707839
 44
 44
 271.7
-45
-1391592
 1707933
 44
 44
 418
 0
-1393764
 1707701
 44
 44
 418
 45
-1393779
 1707456
 44
 44
 271.7
-45
-1392265
 1708173
 44
 44
 418
 0
-1393861
 1707699
 44
 44
 418
-45
-1393400
 1708095
 44
 44
 271.7
 0
-1390805
 1708281
 44
 44
 418
 0
-1392164
 1708232
 44
 44
 271.7
 45
-1391788
 1708347
 44
 44
 271.7
 0
-1394018
 1707323
 44
 44
 271.7
 45
-1394313
 1706340
 44
 44
 418
 0
-1393905
 1708733
 44
 44
 418
-45
-1391706
 1708846
 44
 44
 418
 0
-1391385
 1708992
 44
 44
 418
 0
-1391533
 1708991
 44
 44
 271.7
 0
-1391543
 1708993
 44
 44
 271.7
 0
-1395156
 1707110
 44
 44
 418
 0
-1395144
 1706679
 44
 44
 418
 0
-1395144
 1706574
 44
 44
 418
 0
-1391618
 1709353
 44
 44
 418
 0
-1395137
 1709590
 44
 44
 271.7
 45
-1393727
 1709621
 44
 44
 271.7
 0
-1395884
 1707930
 44
 44
 271.7
 0
-1392598
 1709675
 44
 44
 418
 0
-1392827
 1709654
 44
 44
 418
 0
-1394775
 1709855
 44
 44
 418
-45
-1393288
 1709787
 44
 44
 271.7
 0
-1392378
 1710800
 44
 44
 271.7
-45
-1392282
 1710669
 44
 44
 418
-45
-1392022
 1710634
 44
 44
 418
-45
-1391862
 1710558
 44
 44
 418
-45
-1391764
 1709930
 44
 44
 271.7
 45
-1391416
 1709629
 44
 44
 418
 0
-1391404
 1709536
 44
 44
 418
-45
-1391440
 1709619
 44
 44
 271.7
 45
-1391341
 1709572
 44
 44
 271.7
 0
-1391040
 1709861
 44
 44
 418
 45
-1390893
 1708964
 44
 44
 418
 0
-1390765
 1709033
 44
 44
 418
 0
-1389561
 1707485
 44
 44
 418
 0
-1390408
 1704764
 44
 44
 418
-45
-1390831
 1704761
 44
 44
 418
 45
-1389865
 1704554
 44
 44
 271.7
 0
-1391178
 1704548
 44
 44
 271.7
 45
-1391693
 1704124
 44
 44
 418
-45
-1391268
 1704187
 44
 44
 418
 0
-1390538
 1703842
 44
 44
 418
-45
-1391693
 1703809
 44
 44
 271.7
 0
-1391698
 1703726
 44
 44
 418
 0
-1391672
 1703817
 44
 44
 418
 0
-1389930
 1703712
 44
 44
 418
 0
-1389784
 1703439
 44
 44
 418
 45
-1389763
 1703285
 44
 44
 418
 45
-1390716
 1703060
 44
 44
 418
 0
-1391870
 1702990
 44
 44
 418
-45
-1392033
 1704186
 44
 44
 418
 0
-1392135
 1704137
 44
 44
 271.7
 45
-1392155
 1704097
 44
 44
 271.7
-45
-1392247
 1703144
 44
 44
 418
 45
-1392305
 1702920
 44
 44
 271.7
 0
-1392364
 1704288
 44
 44
 418
 45
-1392331
 1703859
 44
 44
 418
 45
-1392409
 1702768
 44
 44
 418
 45
-1392333
 1703991
 44
 44
 418
 45
