-451557.9
 75110.71
 44
 44
 374
 45
-448153.1
 73096.44
 44
 44
 243.1
 0
-448994.6
 73016.17
 44
 44
 374
 0
-448077.3
 76276.64
 44
 44
 243.1
 45
-448008.5
 74406.48
 44
 44
 243.1
 0
-447993
 76243.2
 44
 44
 243.1
-45
-447890.7
 75865.91
 44
 44
 374
 45
-448365.4
 72981.48
 44
 44
 374
 0
-448973.7
 72978.09
 44
 44
 374
 0
-447895.7
 75237.34
 44
 44
 243.1
 0
-447897.7
 74343.42
 44
 44
 243.1
-45
-448135.4
 72678.36
 44
 44
 374
 45
-447781.8
 74727.76
 44
 44
 374
-45
-448953.3
 72645.18
 44
 44
 243.1
 45
-447779
 72915.05
 44
 44
 243.1
-45
-447771.9
 74813.04
 44
 44
 243.1
 0
-447765.9
 72542.97
 44
 44
 243.1
 0
-447635.8
 75373.17
 44
 44
 374
 45
-447434.9
 74021.01
 44
 44
 374
 0
-447561.4
 72270.58
 44
 44
 243.1
-45
-447310.3
 74505.94
 44
 44
 374
 0
-447158.1
 74038.4
 44
 44
 374
-45
-447134.7
 73161.36
 44
 44
 243.1
-45
-447155.4
 74453.45
 44
 44
 243.1
-45
-446995.9
 72110.92
 44
 44
 374
 0
-447078
 72032.15
 44
 44
 243.1
-45
-446908.4
 72953.49
 44
 44
 374
-45
-446878.3
 72154.06
 44
 44
 374
-45
-446748.7
 73271.36
 44
 44
 374
 0
-446775.3
 73655.93
 44
 44
 374
 0
-446723.8
 73154.67
 44
 44
 374
-45
-446632
 72542.74
 44
 44
 243.1
 0
-447444.1
 71672.92
 44
 44
 243.1
 0
-446524.2
 74372.62
 44
 44
 374
 0
-446495.2
 74798.63
 44
 44
 243.1
-45
-446521.5
 73417.8
 44
 44
 374
-45
-446446.4
 73360.02
 44
 44
 374
 0
-446327.9
 72430.87
 44
 44
 374
 0
-446138.6
 72869.95
 44
 44
 374
 0
-446062.2
 74667.15
 44
 44
 243.1
 0
-446073
 73451.66
 44
 44
 374
-45
-448020.7
 71311.16
 44
 44
 374
-45
-446023.7
 72435.59
 44
 44
 374
 0
-445976
 72116.11
 44
 44
 243.1
 0
-445806.5
 73881.98
 44
 44
 243.1
 0
-445653.4
 73489.43
 44
 44
 243.1
 0
-445679.9
 73771.09
 44
 44
 374
 0
-445408.3
 74160.33
 44
 44
 374
 45
-445101.5
 71356.69
 44
 44
 374
 0
-445137
 73176.77
 44
 44
 374
-45
-445084.5
 73830.54
 44
 44
 374
 0
-445189.3
 73417.95
 44
 44
 374
 0
-445147.4
 73924.7
 44
 44
 374
 0
-445000
 73597.98
 44
 44
 374
 0
-445392.1
 70609.92
 44
 44
 374
 0
-445369.2
 70619.2
 44
 44
 243.1
-45
-444888.3
 71049.59
 44
 44
 374
 0
-444714.4
 73601.47
 44
 44
 374
 0
-444711.6
 71648.88
 44
 44
 243.1
 0
-445477.8
 70406.41
 44
 44
 374
 0
-445030.7
 70368.34
 44
 44
 374
 0
-444487.8
 71312.73
 44
 44
 374
 45
-447516.6
 70192.63
 44
 44
 243.1
-45
-444806.7
 70136.88
 44
 44
 374
-45
-444250.3
 70366.83
 44
 44
 374
 0
-443699.5
 70432.56
 44
 44
 374
 0
-445101.3
 69839.91
 44
 44
 374
 0
-451704.1
 70740.05
 44
 44
 374
-45
-447836.3
 76703.11
 44
 44
 374
 0
-445929.8
 74939.54
 44
 44
 374
 0
-447708.7
 77803.55
 44
 44
 374
-45
-447650.3
 77814.73
 44
 44
 243.1
-45
-447675.8
 77844.36
 44
 44
 243.1
 0
-445136.4
 75519.8
 44
 44
 374
 45
